301 191 3
301 204 3
301 269 3
301 283 3
301 423 3
301 484 3
301 515 4
301 604 3
302 243 1
302 269 3
302 286 4
302 313 4
302 315 4
302 326 3
302 328 3
302 333 3
302 678 2
303 258 3
303 268 4
303 269 4
303 294 3
303 300 4
303 303 4
303 305 4
303 325 4
303 333 4
303 340 5
303 682 3
303 995 4
304 64 5
304 143 5
304 194 5
304 245 4
304 286 5
304 418 4
304 480 5
304 492 5
304 604 5
304 606 5
304 705 5
305 137 3
305 272 4
305 327 2
305 650 4
305 651 4
305 750 4
305 886 3
306 121 4
306 126 5
306 127 5
306 151 5
306 252 4
306 289 3
306 405 3
306 924 3
307 111 3
307 118 2
307 181 3
307 220 2
307 252 4
307 258 4
307 298 4
307 301 5
307 471 3
307 476 2
307 546 3
307 845 3
307 926 2
308 245 4
308 288 4
308 300 4
308 873 2
308 879 5
309 268 4
309 270 3
309 292 5
309 300 4
309 302 4
309 310 4
309 313 4
309 332 3
309 346 4
309 682 2
309 690 3
309 880 3
310 21 2
310 94 3
310 181 3
310 240 2
310 300 3
310 596 2
310 597 3
311 64 5
311 111 4
311 151 5
311 251 4
311 257 5
311 272 5
311 750 5
311 751 4
312 1 3
312 9 4
312 100 5
312 129 4
312 268 5
312 276 5
312 286 3
312 300 3
312 742 3
313 243 3
313 286 4
313 288 4
313 310 4
313 313 5
313 315 4
313 323 3
313 333 4
313 748 3
314 258 4
314 272 5
314 288 4
314 319 3
314 362 4
314 882 4
314 891 2
315 243 4
315 259 3
315 288 5
315 294 3
315 321 4
315 339 4
315 342 5
315 359 4
315 410 3
315 597 2
315 687 1
315 875 2
315 988 2
316 14 5
316 237 3
316 245 3
316 272 4
316 313 5
316 321 4
316 676 3
317 272 5
317 315 4
317 316 5
317 319 4
317 345 4
318 98 5
318 173 5
318 245 4
318 269 4
318 286 4
318 288 5
318 294 3
318 301 3
318 313 5
318 315 5
318 347 5
318 752 2
319 271 2
319 288 3
319 289 3
319 301 3
319 304 3
319 308 2
319 310 4
319 331 2
319 338 2
319 877 2
319 938 2
319 989 2
320 269 4
320 271 3
320 288 4
320 294 3
320 300 4
320 305 4
320 325 4
320 327 3
320 333 3
320 343 3
320 890 3
321 100 5
321 150 5
321 151 5
321 168 5
321 191 5
321 194 5
321 198 5
321 205 4
321 222 4
321 276 4
321 288 4
321 313 5
321 682 3
321 902 4
322 1 3
322 24 2
322 147 3
322 254 1
322 405 2
322 410 3
322 471 3
322 473 3
322 742 3
323 100 5
323 264 4
323 328 3
323 456 2
323 687 1
323 876 4
323 881 4
323 948 4
324 245 2
324 270 3
324 289 2
324 294 2
324 309 2
324 322 2
324 328 3
324 879 3
325 237 3
325 271 2
325 278 2
325 288 3
325 298 3
325 300 4
325 313 4
325 328 3
325 343 3
325 682 2
325 742 3
325 763 2
326 13 4
326 25 3
326 100 5
326 111 4
326 116 4
326 150 5
326 235 3
326 283 4
326 306 4
326 476 3
326 756 3
327 258 4
327 300 4
327 303 4
327 319 5
327 333 4
327 334 4
328 14 5
328 50 5
328 222 4
328 258 5
328 748 4
328 832 5
328 845 4
329 245 3
329 264 4
329 268 4
329 322 4
329 323 4
329 328 3
329 354 4
329 678 2
329 748 3
329 879 4
330 259 3
330 267 4
330 268 4
330 301 4
330 306 4
330 333 4
330 338 3
330 346 5
330 682 3
330 751 4
330 879 5
331 1 3
331 5 4
331 7 5
331 8 5
331 9 5
331 11 5
331 12 5
331 22 5
331 31 5
331 38 3
331 53 5
331 54 5
331 56 5
331 70 4
331 73 5
331 77 4
331 79 5
331 82 5
331 95 3
331 96 5
331 97 5
331 98 5
331 105 3
331 106 5
331 117 4
331 118 5
331 120 3
331 121 5
331 122 3
331 123 4
331 125 4
331 127 5
331 144 4
331 156 5
331 159 4
331 172 5
331 174 5
331 181 5
331 182 5
331 204 5
331 210 5
331 218 5
331 222 5
331 227 4
331 228 4
331 229 4
331 230 4
331 232 4
331 233 4
331 234 5
331 235 2
331 237 4
331 240 3
331 249 4
331 255 4
331 257 5
331 258 4
331 264 4
331 265 5
331 271 3
331 273 5
331 282 5
331 288 5
331 291 4
331 293 5
331 294 3
331 295 3
331 298 4
331 300 5
331 307 4
331 313 5
331 322 4
331 323 4
331 326 3
331 327 5
331 328 4
331 332 4
331 333 5
331 342 4
331 356 5
331 369 3
331 370 4
331 405 4
331 406 4
331 409 3
331 410 4
331 449 4
331 450 4
331 451 5
331 452 4
331 456 3
331 470 4
331 546 4
331 566 5
331 595 4
331 597 3
331 628 5
331 651 5
331 655 5
331 660 5
331 673 5
331 679 5
331 684 4
331 693 5
331 696 4
331 728 3
331 746 5
331 756 3
331 763 4
331 770 4
331 815 4
331 824 4
331 827 4
331 831 2
331 833 4
331 840 3
331 841 2
331 845 5
331 866 4
331 871 3
331 879 5
331 895 4
331 928 4
331 931 3
331 934 2
331 975 5
331 978 4
331 982 1
331 983 2
332 88 4
332 153 4
332 168 5
332 180 5
332 186 5
332 269 4
332 294 3
332 315 5
332 316 5
332 435 4
332 513 5
332 748 3
332 873 2
333 4 5
333 7 3
333 8 5
333 9 5
333 12 5
333 13 4
333 19 4
333 20 4
333 22 4
333 23 5
333 28 4
333 42 5
333 50 4
333 52 3
333 56 4
333 58 4
333 59 5
333 61 5
333 68 3
333 69 4
333 70 5
333 72 4
333 73 3
333 74 1
333 77 4
333 79 5
333 81 4
333 86 2
333 89 4
333 91 4
333 93 4
333 95 5
333 98 5
333 100 5
333 111 4
333 115 4
333 116 4
333 117 4
333 124 5
333 125 4
333 127 5
333 131 1
333 132 5
333 134 5
333 135 5
333 143 4
333 150 5
333 153 5
333 154 4
333 155 3
333 160 5
333 163 4
333 164 4
333 168 5
333 169 5
333 170 4
333 171 5
333 172 4
333 173 5
333 174 5
333 175 5
333 176 4
333 181 4
333 182 4
333 183 5
333 185 4
333 186 5
333 191 5
333 196 5
333 197 5
333 200 4
333 203 4
333 204 5
333 207 4
333 210 5
333 213 2
333 216 5
333 217 2
333 220 3
333 221 5
333 222 3
333 223 5
333 224 5
333 225 3
333 227 4
333 228 4
333 229 3
333 230 4
333 231 3
333 235 3
333 237 5
333 238 4
333 239 4
333 244 4
333 245 5
333 248 5
333 250 5
333 255 5
333 257 3
333 258 5
333 265 5
333 268 5
333 269 4
333 271 3
333 272 5
333 275 4
333 276 5
333 277 4
333 282 5
333 283 4
333 285 4
333 286 3
333 287 2
333 288 4
333 289 4
333 293 4
333 297 3
333 300 3
333 301 2
333 303 3
333 305 5
333 306 4
333 310 4
333 311 3
333 312 2
333 313 5
333 315 5
333 316 5
333 317 5
333 318 4
333 319 4
333 322 4
333 324 4
333 326 4
333 328 4
333 333 3
333 337 4
333 338 3
333 340 3
333 345 5
333 346 4
333 347 5
333 371 4
333 396 4
333 405 4
333 408 5
333 421 3
333 423 4
333 425 5
333 428 5
333 429 4
333 430 5
333 433 4
333 436 4
333 443 4
333 449 3
333 450 4
333 461 3
333 462 5
333 474 5
333 475 5
333 476 3
333 481 4
333 483 5
333 484 5
333 485 2
333 488 4
333 494 5
333 498 5
333 500 5
333 502 5
333 505 4
333 506 5
333 508 4
333 510 5
333 512 4
333 514 4
333 515 5
333 521 4
333 525 4
333 529 5
333 537 4
333 553 5
333 558 2
333 566 5
333 577 4
333 582 4
333 591 5
333 603 4
333 606 5
333 607 4
333 620 4
333 628 4
333 629 4
333 631 3
333 634 4
333 635 2
333 640 4
333 642 4
333 652 5
333 655 5
333 657 4
333 658 4
333 663 5
333 675 5
333 678 3
333 684 5
333 689 3
333 693 4
333 707 4
333 708 4
333 709 3
333 710 4
333 712 5
333 716 5
333 736 5
333 740 2
333 742 4
333 744 4
333 746 5
333 753 4
333 762 5
333 792 4
333 815 5
333 840 4
333 845 4
333 846 3
333 855 5
333 856 5
333 865 5
333 870 4
333 877 3
333 879 4
333 886 5
333 887 5
333 888 3
333 896 5
333 899 4
333 902 4
333 905 4
333 906 4
333 922 4
333 931 2
333 936 4
333 937 4
333 945 4
333 950 4
333 955 5
333 961 5
333 969 3
334 245 3
334 258 3
334 269 4
334 288 5
334 307 3
334 313 5
334 324 5
334 342 4
334 347 4
334 748 3
334 902 4
335 3 3
335 4 3
335 13 3
335 15 4
335 26 3
335 33 3
335 41 2
335 42 3
335 49 3
335 56 3
335 66 3
335 67 3
335 88 3
335 94 3
335 100 4
335 105 2
335 111 3
335 117 3
335 121 3
335 122 1
335 124 4
335 125 4
335 151 3
335 153 4
335 154 4
335 158 4
335 168 3
335 186 3
335 202 3
335 208 3
335 216 4
335 232 2
335 237 4
335 239 4
335 275 3
335 276 3
335 282 4
335 284 3
335 290 2
335 367 3
335 383 2
335 388 2
335 395 2
335 401 3
335 405 3
335 410 2
335 451 2
335 475 3
335 546 2
335 571 3
335 577 2
335 619 3
335 628 3
335 655 3
335 692 3
335 710 3
335 722 3
335 732 4
335 738 2
335 742 4
335 762 3
335 763 2
335 765 2
335 780 3
335 781 3
335 785 3
335 790 3
335 796 3
335 824 3
335 859 3
335 864 2
335 959 3
335 998 2
335 999 3
336 15 5
336 50 5
336 106 4
336 121 4
336 127 5
336 181 5
336 228 4
336 230 4
336 235 1
336 257 3
336 371 4
336 380 5
336 392 3
336 515 5
336 520 4
336 631 3
336 742 3
336 831 3
337 1 4
337 56 5
337 79 4
337 83 5
337 132 5
337 133 5
337 134 5
337 135 5
337 168 5
337 170 4
337 174 5
337 175 4
337 180 5
337 189 5
337 194 4
337 204 5
337 208 5
337 211 5
337 212 3
337 213 5
337 215 4
337 216 4
337 269 4
337 294 3
337 301 4
337 306 5
337 310 5
337 435 5
337 443 4
337 462 4
337 474 4
337 480 5
337 483 5
337 484 5
337 486 4
337 488 5
337 490 5
337 494 4
337 498 5
337 511 4
337 513 4
337 514 4
337 516 4
337 523 5
337 525 5
337 582 4
337 604 4
337 607 4
337 613 5
337 650 4
337 654 5
337 708 4
337 792 5
337 945 4
338 1 5
338 4 5
338 5 2
338 7 4
338 11 4
338 12 5
338 22 5
338 23 5
338 25 4
338 28 5
338 29 3
338 30 5
338 32 5
338 42 5
338 47 4
338 50 5
338 55 5
338 56 5
338 58 5
338 64 5
338 65 5
338 67 4
338 69 5
338 73 4
338 74 4
338 76 4
338 79 5
338 80 4
338 81 4
338 82 4
338 86 4
338 88 5
338 89 5
338 91 4
338 97 5
338 98 5
338 100 5
338 101 4
338 117 5
338 121 5
338 124 5
338 126 5
338 127 5
338 130 4
338 131 5
338 132 5
338 133 5
338 134 5
338 135 5
338 136 5
338 139 4
338 144 5
338 145 2
338 150 5
338 151 4
338 153 5
338 154 5
338 156 5
338 157 4
338 159 4
338 160 5
338 161 5
338 163 4
338 167 5
338 168 5
338 170 5
338 174 5
338 175 4
338 179 4
338 180 5
338 181 5
338 183 5
338 186 5
338 188 4
338 190 5
338 191 5
338 192 4
338 194 5
338 195 5
338 196 5
338 197 5
338 198 4
338 199 5
338 203 5
338 204 5
338 205 4
338 208 5
338 209 5
338 214 5
338 222 4
338 226 5
338 227 5
338 228 5
338 231 4
338 233 5
338 235 4
338 238 5
338 240 4
338 248 5
338 257 4
338 258 5
338 265 5
338 269 4
338 270 5
338 276 5
338 286 5
338 288 4
338 298 4
338 302 5
338 317 5
338 327 4
338 347 5
338 357 5
338 380 4
338 383 3
338 402 5
338 403 4
338 404 5
338 410 4
338 411 4
338 415 4
338 427 5
338 428 5
338 431 4
338 433 5
338 435 5
338 436 4
338 447 4
338 449 4
338 451 4
338 461 4
338 469 4
338 474 5
338 475 5
338 478 5
338 479 5
338 483 5
338 484 5
338 485 4
338 496 5
338 498 5
338 503 4
338 508 5
338 509 5
338 514 5
338 515 5
338 516 5
338 521 4
338 522 5
338 523 5
338 525 5
338 527 5
338 528 5
338 530 5
338 546 4
338 549 5
338 550 5
338 566 5
338 568 5
338 573 4
338 582 5
338 603 5
338 607 4
338 614 5
338 631 5
338 632 5
338 636 4
338 637 3
338 640 4
338 642 4
338 649 4
338 650 4
338 655 5
338 657 5
338 661 5
338 663 5
338 673 4
338 675 5
338 678 4
338 693 5
338 702 4
338 709 5
338 719 4
338 735 5
338 737 5
338 739 5
338 770 5
338 772 2
338 806 5
338 823 5
338 845 4
338 856 5
338 939 4
338 942 5
338 961 4
339 1 4
339 15 4
339 50 5
339 66 4
339 71 4
339 143 4
339 172 5
339 174 5
339 179 5
339 181 5
339 205 5
339 215 4
339 265 4
339 274 4
339 402 4
339 405 4
339 423 4
339 435 5
339 486 4
339 502 5
339 504 5
339 520 5
339 526 5
339 584 4
339 662 4
339 946 4
340 3 3
340 4 3
340 7 3
340 8 4
340 11 4
340 13 3
340 15 3
340 23 4
340 25 3
340 26 3
340 28 4
340 47 2
340 56 3
340 58 4
340 68 3
340 92 3
340 93 3
340 95 4
340 98 4
340 100 4
340 108 2
340 111 3
340 122 1
340 123 3
340 124 4
340 129 3
340 131 3
340 132 4
340 133 4
340 134 3
340 135 3
340 143 4
340 144 3
340 156 3
340 160 3
340 174 4
340 175 3
340 179 3
340 188 3
340 189 4
340 191 4
340 192 3
340 193 3
340 194 3
340 196 4
340 197 3
340 204 4
340 208 4
340 209 4
340 212 2
340 216 3
340 223 4
340 237 3
340 238 3
340 240 2
340 248 4
340 251 4
340 255 3
340 257 4
340 262 3
340 274 3
340 276 3
340 282 3
340 286 4
340 287 3
340 288 3
340 289 3
340 294 2
340 297 2
340 298 2
340 301 3
340 319 2
340 320 2
340 326 4
340 327 2
340 367 3
340 378 3
340 381 4
340 382 2
340 408 4
340 412 2
340 421 4
340 423 4
340 427 4
340 433 3
340 461 2
340 483 4
340 487 4
340 496 4
340 499 3
340 508 3
340 517 2
340 518 4
340 523 4
340 531 4
340 535 3
340 544 2
340 547 2
340 558 3
340 574 3
340 581 3
340 584 3
340 591 4
340 606 4
340 607 2
340 654 4
340 655 4
340 656 4
340 657 3
340 663 3
340 692 3
340 699 3
340 723 2
340 724 3
340 727 4
340 732 3
340 746 3
340 756 2
340 762 3
340 764 2
340 772 2
340 789 3
340 792 4
340 813 4
340 818 3
340 844 2
340 846 2
340 866 3
340 873 1
340 875 1
340 928 3
340 950 2
340 965 4
340 975 4
341 1 4
341 4 5
341 7 4
341 8 5
341 9 5
341 10 5
341 11 3
341 12 5
341 20 4
341 23 5
341 25 4
341 26 4
341 28 5
341 38 5
341 42 5
341 44 5
341 47 4
341 48 5
341 50 5
341 52 5
341 53 3
341 55 4
341 56 5
341 57 5
341 58 5
341 62 5
341 63 4
341 65 4
341 66 4
341 67 3
341 68 4
341 69 5
341 76 4
341 77 4
341 79 5
341 81 4
341 82 4
341 83 3
341 86 2
341 87 5
341 90 3
341 97 5
341 98 5
341 100 5
341 117 4
341 118 4
341 121 5
341 124 5
341 127 5
341 132 5
341 134 5
341 135 5
341 137 5
341 143 4
341 144 5
341 147 4
341 152 5
341 153 5
341 155 3
341 156 4
341 159 4
341 163 4
341 164 4
341 168 5
341 169 5
341 174 5
341 176 5
341 177 5
341 179 4
341 180 5
341 186 5
341 187 5
341 188 4
341 189 5
341 193 5
341 194 5
341 196 5
341 197 5
341 199 5
341 200 4
341 208 5
341 211 5
341 214 4
341 223 5
341 228 5
341 229 4
341 231 4
341 234 5
341 235 3
341 236 4
341 237 5
341 241 4
341 250 4
341 257 5
341 265 5
341 269 4
341 275 4
341 276 5
341 277 5
341 283 4
341 288 4
341 297 3
341 302 5
341 303 4
341 306 4
341 318 4
341 324 4
341 333 4
341 334 3
341 357 5
341 358 4
341 371 4
341 375 4
341 382 3
341 385 4
341 405 4
341 408 5
341 410 4
341 423 5
341 427 5
341 429 5
341 435 5
341 449 4
341 461 4
341 462 5
341 463 5
341 471 3
341 473 5
341 474 4
341 475 4
341 476 3
341 483 5
341 498 5
341 499 4
341 508 5
341 510 5
341 515 5
341 521 4
341 523 5
341 527 5
341 528 5
341 530 5
341 536 4
341 546 4
341 555 4
341 559 3
341 561 2
341 568 5
341 569 3
341 581 5
341 582 4
341 606 5
341 614 5
341 631 4
341 642 4
341 654 5
341 655 5
341 657 5
341 660 5
341 684 5
341 702 3
341 703 5
341 708 4
341 712 5
341 724 4
341 727 5
341 729 4
341 739 5
341 744 4
341 747 5
341 778 4
341 786 4
341 792 5
341 823 5
341 919 5
341 921 5
341 930 3
341 931 3
341 943 4
341 950 3
341 951 4
341 961 4
341 980 4
342 1 4
342 4 4
342 5 3
342 8 4
342 9 4
342 11 4
342 12 5
342 13 4
342 14 5
342 22 5
342 25 4
342 26 3
342 39 2
342 45 4
342 58 4
342 70 4
342 71 4
342 73 4
342 79 4
342 86 1
342 87 4
342 88 4
342 89 4
342 95 5
342 96 4
342 97 4
342 98 5
342 111 3
342 118 3
342 119 5
342 121 4
342 122 1
342 124 4
342 125 4
342 127 5
342 129 4
342 132 4
342 137 5
342 151 3
342 169 4
342 172 3
342 174 5
342 176 3
342 181 3
342 183 4
342 190 4
342 191 4
342 195 4
342 196 4
342 198 4
342 202 4
342 203 3
342 204 4
342 208 5
342 210 4
342 216 4
342 222 3
342 228 3
342 235 1
342 237 4
342 244 1
342 245 3
342 246 4
342 248 4
342 251 4
342 255 4
342 268 4
342 269 4
342 272 4
342 273 3
342 275 5
342 276 4
342 278 3
342 280 4
342 281 3
342 283 4
342 284 4
342 285 4
342 286 3
342 288 4
342 291 2
342 295 2
342 297 3
342 298 2
342 301 3
342 303 3
342 304 4
342 311 3
342 313 5
342 315 5
342 316 4
342 322 3
342 357 4
342 367 4
342 385 4
342 405 3
342 421 4
342 433 4
342 451 4
342 459 4
342 462 4
342 471 3
342 472 4
342 476 3
342 477 3
342 478 5
342 479 4
342 486 4
342 487 4
342 494 4
342 508 3
342 509 4
342 511 5
342 516 5
342 535 3
342 537 4
342 559 3
342 562 3
342 568 4
342 597 3
342 619 3
342 647 1
342 660 3
342 663 5
342 678 3
342 684 4
342 694 4
342 696 4
342 707 3
342 708 2
342 709 3
342 713 4
342 716 4
342 742 3
342 751 4
342 764 3
342 815 4
342 844 1
342 845 4
342 864 3
342 926 4
342 928 2
342 955 4
342 972 4
343 1 4
343 4 4
343 5 2
343 9 4
343 11 4
343 15 3
343 25 3
343 26 4
343 28 4
343 33 4
343 43 4
343 44 4
343 48 4
343 49 3
343 50 4
343 51 4
343 56 5
343 64 4
343 65 4
343 66 4
343 69 4
343 71 4
343 77 3
343 79 4
343 81 3
343 87 5
343 88 4
343 93 5
343 98 4
343 100 5
343 111 3
343 117 4
343 118 3
343 124 4
343 125 4
343 126 3
343 131 4
343 132 4
343 137 4
343 143 4
343 148 2
343 151 5
343 170 4
343 172 3
343 173 4
343 174 4
343 191 5
343 196 4
343 197 5
343 202 4
343 204 3
343 216 4
343 220 3
343 221 4
343 223 5
343 226 4
343 235 2
343 237 4
343 239 3
343 241 3
343 245 4
343 246 4
343 251 5
343 255 4
343 262 5
343 268 4
343 269 4
343 272 5
343 278 4
343 280 3
343 282 3
343 283 4
343 284 4
343 285 4
343 287 4
343 288 4
343 289 3
343 291 4
343 293 5
343 294 3
343 295 4
343 297 4
343 298 4
343 300 4
343 301 4
343 302 4
343 303 5
343 305 5
343 311 3
343 312 3
343 313 4
343 315 5
343 317 5
343 323 3
343 332 3
343 333 4
343 356 3
343 365 4
343 367 4
343 378 4
343 381 3
343 382 3
343 387 3
343 402 4
343 403 4
343 405 4
343 416 4
343 433 5
343 443 4
343 451 3
343 461 3
343 464 4
343 471 4
343 473 4
343 476 2
343 479 5
343 481 4
343 485 4
343 498 5
343 508 4
343 518 5
343 534 3
343 535 4
343 550 5
343 559 3
343 566 5
343 568 3
343 582 3
343 588 4
343 620 3
343 639 4
343 651 4
343 655 5
343 660 4
343 676 4
343 696 4
343 702 3
343 708 4
343 709 4
343 715 4
343 716 4
343 722 4
343 732 4
343 736 4
343 737 3
343 738 4
343 739 4
343 742 4
343 744 3
343 747 4
343 748 4
343 772 2
343 781 4
343 845 4
343 846 3
343 866 4
343 879 4
343 886 5
343 903 4
343 919 5
343 949 4
343 955 4
343 956 4
343 972 4
343 988 1
344 2 3
344 3 3
344 4 4
344 7 4
344 11 4
344 12 4
344 17 3
344 22 4
344 29 3
344 31 4
344 33 3
344 38 3
344 53 4
344 54 3
344 55 4
344 56 4
344 62 4
344 64 5
344 67 3
344 72 3
344 76 3
344 77 3
344 83 4
344 91 4
344 92 3
344 94 4
344 97 4
344 98 4
344 100 4
344 117 4
344 120 2
344 121 4
344 127 4
344 128 3
344 132 4
344 133 4
344 134 4
344 141 3
344 143 4
344 144 4
344 147 4
344 153 4
344 156 3
344 157 4
344 158 3
344 161 3
344 167 3
344 168 4
344 172 4
344 173 4
344 174 5
344 176 4
344 181 4
344 183 4
344 184 3
344 186 5
344 187 4
344 188 4
344 203 3
344 204 4
344 210 4
344 211 4
344 213 4
344 215 4
344 216 3
344 218 3
344 219 3
344 232 3
344 234 4
344 237 3
344 241 3
344 245 3
344 250 4
344 259 2
344 265 4
344 273 4
344 276 4
344 288 4
344 291 3
344 293 4
344 294 3
344 300 4
344 302 4
344 318 4
344 322 3
344 325 4
344 333 3
344 358 2
344 363 3
344 366 4
344 369 2
344 375 3
344 385 3
344 391 3
344 392 3
344 403 4
344 405 3
344 415 2
344 423 4
344 431 4
344 455 3
344 470 3
344 496 4
344 518 4
344 520 4
344 541 2
344 546 3
344 549 4
344 561 3
344 569 3
344 571 3
344 572 3
344 576 3
344 578 4
344 582 4
344 616 4
344 636 3
344 642 3
344 657 5
344 669 3
344 673 4
344 684 4
344 685 3
344 708 3
344 712 3
344 727 4
344 732 3
344 739 4
344 743 2
344 746 3
344 748 3
344 780 3
344 785 3
344 802 3
344 809 4
344 831 3
344 842 2
344 879 3
344 932 2
344 944 3
344 951 3
344 959 3
344 977 2
345 1 2
345 7 4
345 12 5
345 15 5
345 17 3
345 22 4
345 24 5
345 25 4
345 28 4
345 31 5
345 50 5
345 55 5
345 56 5
345 68 2
345 70 3
345 73 4
345 76 4
345 77 4
345 79 5
345 82 5
345 85 4
345 87 4
345 91 5
345 96 5
345 97 5
345 99 4
345 100 5
345 117 4
345 118 5
345 125 3
345 127 5
345 132 5
345 137 5
345 144 4
345 151 5
345 156 5
345 157 3
345 158 3
345 159 3
345 163 3
345 164 5
345 168 5
345 172 5
345 173 5
345 174 5
345 176 5
345 177 4
345 181 5
345 182 4
345 183 5
345 187 5
345 188 4
345 192 4
345 195 5
345 200 5
345 203 4
345 204 5
345 208 5
345 215 5
345 222 4
345 226 4
345 227 3
345 233 4
345 235 1
345 239 4
345 240 2
345 245 3
345 246 4
345 252 4
345 257 4
345 258 3
345 268 4
345 271 2
345 273 5
345 276 5
345 280 4
345 286 3
345 288 5
345 290 3
345 293 5
345 294 3
345 298 4
345 300 4
345 317 5
345 318 5
345 323 4
345 324 5
345 328 4
345 333 4
345 356 4
345 369 2
345 371 4
345 385 4
345 386 4
345 392 3
345 403 5
345 404 3
345 405 3
345 410 3
345 416 3
345 423 5
345 432 4
345 435 5
345 460 2
345 462 5
345 465 2
345 468 3
345 470 3
345 472 3
345 475 5
345 501 1
345 508 5
345 544 4
345 550 5
345 568 5
345 588 2
345 595 3
345 597 2
345 609 2
345 655 5
345 660 4
345 685 4
345 686 5
345 689 3
345 692 3
345 699 4
345 721 3
345 735 5
345 742 3
345 756 2
345 763 4
345 806 5
345 819 4
345 820 4
345 827 3
345 829 4
345 831 3
345 841 2
345 871 2
345 879 4
345 928 4
345 930 2
345 943 4
345 959 3
345 977 3
345 982 1
346 1 4
346 7 5
346 15 3
346 25 4
346 100 5
346 107 4
346 111 3
346 118 3
346 121 4
346 126 4
346 147 5
346 225 3
346 240 4
346 276 4
346 288 4
346 294 3
346 323 2
346 368 4
346 370 4
346 409 2
346 411 3
346 412 3
346 472 4
346 473 4
346 476 2
346 546 3
346 628 5
346 742 4
346 819 4
346 831 2
346 834 2
346 924 3
346 926 3
346 928 4
346 974 2
346 975 4
346 988 2
347 9 4
347 10 4
347 118 5
347 121 4
347 125 3
347 126 5
347 237 3
347 325 4
347 370 4
347 412 2
347 455 3
347 458 4
347 471 4
347 475 5
347 596 3
347 744 3
347 847 4
348 1 4
348 23 5
348 89 5
348 98 5
348 132 5
348 133 5
348 136 4
348 168 5
348 172 4
348 176 5
348 183 5
348 193 5
348 195 5
348 204 4
348 210 5
348 214 4
348 228 4
348 265 5
348 271 3
348 324 5
348 340 5
348 435 5
348 479 5
348 480 4
348 483 5
348 489 4
348 530 5
348 589 4
348 604 5
348 616 4
348 654 5
348 657 5
349 288 4
349 289 3
349 292 5
349 300 3
349 301 3
349 310 5
349 312 3
349 313 4
349 326 3
349 327 5
349 332 4
349 341 3
349 343 3
349 359 4
349 538 2
349 748 3
349 750 5
349 754 5
349 873 2
349 879 4
349 880 4
349 882 4
349 888 3
349 984 3
349 989 4
349 990 3
350 4 5
350 7 4
350 12 5
350 17 3
350 39 4
350 55 5
350 56 5
350 79 5
350 86 2
350 89 5
350 92 5
350 96 5
350 98 5
350 129 3
350 144 4
350 156 5
350 173 5
350 182 5
350 194 3
350 195 5
350 216 4
350 228 4
350 234 5
350 302 5
350 385 4
350 568 5
350 657 4
350 692 3
351 245 3
351 260 2
351 271 3
351 272 5
351 300 4
351 315 5
351 326 4
351 327 3
351 328 4
351 332 3
351 333 4
351 343 3
351 905 5
352 7 4
352 9 4
352 14 5
352 19 3
352 20 4
352 25 3
352 32 4
352 42 5
352 47 5
352 50 4
352 52 3
352 57 5
352 58 4
352 59 4
352 60 4
352 61 4
352 66 4
352 70 4
352 79 4
352 81 4
352 83 4
352 86 3
352 87 4
352 88 5
352 93 4
352 100 5
352 109 3
352 116 5
352 124 4
352 131 4
352 133 5
352 134 5
352 135 4
352 136 5
352 137 5
352 143 4
352 149 4
352 151 4
352 152 4
352 153 4
352 154 4
352 155 2
352 162 4
352 166 4
352 168 5
352 169 4
352 171 5
352 173 4
352 174 5
352 175 5
352 180 4
352 186 5
352 189 5
352 190 4
352 191 4
352 193 5
352 197 4
352 199 5
352 202 4
352 208 4
352 209 5
352 211 4
352 213 4
352 216 4
352 238 4
352 242 4
352 246 4
352 248 4
352 251 5
352 255 4
352 257 4
352 258 4
352 268 4
352 269 4
352 270 3
352 272 5
352 275 3
352 276 4
352 281 4
352 286 4
352 287 4
352 297 3
352 303 3
352 305 4
352 306 4
352 308 4
352 311 3
352 313 5
352 318 5
352 344 3
352 381 4
352 382 3
352 387 3
352 414 4
352 421 3
352 423 4
352 428 5
352 429 4
352 435 5
352 462 4
352 463 4
352 464 4
352 473 4
352 478 5
352 479 4
352 480 4
352 483 5
352 485 3
352 487 4
352 489 4
352 494 4
352 496 5
352 497 4
352 498 4
352 507 2
352 508 4
352 509 4
352 511 5
352 513 4
352 515 5
352 516 5
352 518 4
352 520 4
352 529 5
352 531 5
352 533 4
352 558 2
352 582 5
352 584 4
352 603 4
352 604 4
352 605 3
352 606 5
352 607 3
352 629 4
352 631 4
352 638 4
352 650 3
352 651 5
352 652 4
352 657 5
352 659 4
352 660 5
352 661 5
352 692 3
352 694 3
352 699 5
352 702 3
352 705 4
352 707 3
352 709 4
352 716 5
352 732 4
352 733 5
352 735 4
352 736 4
352 737 3
352 740 2
352 753 4
352 792 5
352 811 4
352 847 4
352 855 5
352 863 3
352 865 5
352 882 4
352 889 4
352 900 5
352 904 4
352 929 4
352 953 3
352 956 5
352 958 4
352 962 4
353 242 4
353 264 4
353 288 4
353 300 5
353 328 4
353 329 4
353 360 4
353 681 4
353 882 4
354 272 4
354 292 3
354 313 4
354 316 4
354 326 3
354 328 3
354 333 3
354 689 2
354 748 2
355 1 5
355 7 4
355 10 5
355 24 4
355 105 2
355 117 4
355 118 4
355 123 4
355 125 4
355 126 4
355 147 4
355 150 5
355 151 4
355 220 2
355 222 4
355 245 4
355 258 5
355 270 5
355 273 4
355 274 4
355 275 4
355 280 4
355 284 4
355 291 3
355 322 4
355 326 4
355 334 3
355 405 4
355 407 3
355 411 3
355 455 4
355 456 3
355 471 3
355 472 5
355 473 5
355 476 3
355 546 4
355 595 4
355 687 2
355 713 5
355 742 4
355 744 4
355 760 2
355 819 4
355 820 4
355 831 4
355 833 3
355 866 4
355 932 3
355 977 4
355 984 3
356 8 4
356 65 3
356 127 4
356 132 4
356 174 4
356 179 4
356 213 4
356 268 4
356 318 4
356 324 5
356 357 4
356 511 3
356 582 3
356 584 3
356 638 4
356 639 3
356 643 3
356 855 3
356 896 2
357 7 4
357 117 4
357 118 3
357 181 3
357 250 3
357 268 4
357 270 3
357 298 4
357 313 5
357 323 2
357 405 4
357 472 3
357 748 3
357 751 4
357 831 4
358 1 4
358 10 4
358 13 4
358 14 5
358 25 3
358 28 4
358 45 4
358 50 4
358 64 5
358 79 5
358 100 5
358 116 5
358 124 4
358 127 5
358 134 5
358 157 5
358 165 4
358 166 4
358 170 4
358 174 5
358 181 4
358 187 5
358 191 5
358 194 5
358 195 5
358 197 5
358 205 4
358 207 4
358 210 5
358 222 4
358 237 4
358 238 5
358 242 5
358 251 5
358 269 4
358 271 4
358 275 3
358 283 4
358 284 4
358 286 5
358 297 4
358 302 5
358 304 3
358 306 4
358 308 4
358 309 4
358 321 4
358 326 3
358 328 4
358 357 5
358 423 4
358 479 5
358 483 5
358 496 5
358 511 4
358 521 5
358 523 5
358 531 5
358 582 5
358 588 5
358 654 4
358 661 5
358 735 4
358 744 4
358 748 3
358 845 4
358 933 3
358 936 4
358 963 5
359 12 5
359 14 4
359 23 5
359 26 5
359 49 4
359 53 3
359 55 4
359 56 5
359 59 5
359 60 5
359 66 4
359 70 5
359 79 5
359 83 5
359 88 5
359 90 3
359 97 4
359 98 5
359 100 5
359 111 4
359 129 4
359 148 3
359 150 5
359 156 4
359 165 4
359 166 5
359 168 5
359 170 4
359 173 5
359 176 5
359 178 5
359 183 5
359 185 5
359 186 5
359 190 4
359 197 5
359 203 4
359 204 5
359 207 4
359 212 5
359 213 5
359 218 4
359 222 5
359 228 4
359 234 5
359 237 4
359 238 4
359 258 5
359 269 4
359 273 4
359 274 4
359 276 5
359 286 4
359 333 3
359 340 3
359 387 3
359 421 4
359 430 5
359 435 5
359 451 4
359 466 5
359 475 5
359 498 5
359 502 5
359 504 4
359 514 4
359 517 5
359 524 5
359 525 4
359 531 5
359 639 4
359 652 5
359 654 5
359 655 5
359 657 4
359 659 4
359 673 4
359 684 5
359 694 3
359 707 4
359 709 3
359 727 5
359 737 5
359 739 4
359 742 4
359 762 3
359 770 4
359 794 4
359 934 3
359 949 4
360 245 3
360 268 4
360 302 4
360 312 3
360 313 5
360 323 3
360 333 3
360 336 4
360 689 2
361 1 4
361 2 3
361 4 3
361 5 3
361 7 3
361 9 3
361 11 3
361 22 4
361 29 3
361 32 3
361 37 3
361 38 2
361 44 3
361 47 3
361 50 4
361 54 3
361 55 3
361 56 3
361 58 4
361 62 3
361 65 3
361 66 3
361 67 3
361 68 2
361 69 3
361 70 3
361 71 3
361 72 2
361 73 3
361 79 3
361 81 3
361 82 3
361 87 5
361 88 3
361 89 4
361 90 2
361 91 3
361 93 3
361 95 4
361 96 3
361 97 3
361 98 3
361 101 4
361 102 3
361 114 4
361 117 4
361 120 1
361 121 3
361 128 3
361 134 4
361 137 3
361 143 3
361 144 3
361 145 1
361 151 3
361 152 2
361 154 4
361 155 3
361 156 3
361 159 3
361 161 3
361 164 3
361 169 4
361 172 4
361 173 4
361 174 4
361 179 3
361 182 4
361 183 3
361 184 3
361 185 3
361 186 3
361 187 4
361 188 3
361 189 4
361 193 3
361 195 4
361 196 4
361 200 4
361 201 3
361 204 3
361 206 3
361 208 3
361 210 4
361 212 1
361 215 3
361 216 4
361 218 3
361 222 3
361 226 2
361 227 3
361 228 3
361 229 3
361 231 2
361 234 3
361 235 2
361 237 4
361 248 3
361 250 3
361 258 4
361 265 3
361 270 3
361 271 3
361 282 4
361 283 3
361 284 3
361 288 3
361 290 2
361 293 3
361 307 3
361 315 3
361 316 3
361 317 4
361 322 3
361 325 2
361 328 3
361 336 3
361 346 3
361 347 4
361 350 3
361 351 3
361 366 3
361 370 2
361 380 4
361 387 2
361 391 3
361 393 4
361 402 4
361 403 2
361 405 3
361 408 4
361 417 3
361 423 3
361 426 3
361 428 3
361 431 3
361 433 4
361 435 4
361 443 3
361 444 1
361 448 4
361 449 3
361 451 2
361 461 2
361 469 3
361 472 3
361 473 3
361 474 3
361 505 3
361 506 3
361 511 3
361 518 4
361 523 4
361 531 4
361 546 2
361 550 2
361 552 3
361 554 3
361 555 3
361 557 3
361 559 2
361 561 2
361 566 4
361 568 4
361 569 3
361 571 3
361 572 2
361 575 3
361 578 4
361 588 4
361 590 1
361 597 3
361 603 4
361 616 3
361 625 3
361 631 3
361 640 2
361 650 4
361 651 3
361 653 3
361 657 4
361 658 3
361 660 3
361 665 2
361 673 4
361 675 3
361 678 3
361 679 3
361 682 3
361 685 3
361 691 3
361 698 3
361 699 4
361 707 3
361 709 3
361 710 3
361 719 2
361 735 4
361 741 4
361 742 4
361 746 3
361 747 2
361 752 3
361 760 3
361 761 3
361 767 2
361 774 2
361 778 3
361 792 4
361 802 3
361 805 2
361 809 3
361 816 3
361 825 2
361 831 2
361 849 3
361 854 3
361 859 3
361 895 2
361 906 4
361 919 4
361 933 2
361 940 2
361 946 3
361 959 3
361 979 3
362 289 3
362 302 5
362 321 3
362 875 3
362 948 3
362 988 1
363 1 4
363 7 3
363 15 4
363 25 3
363 100 4
363 109 4
363 124 3
363 125 3
363 137 4
363 150 4
363 222 3
363 235 2
363 258 3
363 268 3
363 271 3
363 272 4
363 275 3
363 276 3
363 277 4
363 287 4
363 288 3
363 289 3
363 294 2
363 301 4
363 309 3
363 315 4
363 316 4
363 321 3
363 340 2
363 352 3
363 473 3
363 591 4
363 742 3
363 762 3
363 813 5
363 894 1
363 895 2
363 908 1
364 53 3
364 56 5
364 98 5
364 184 4
364 200 4
364 201 3
364 217 3
364 219 2
364 234 5
364 443 5
364 445 4
364 559 2
364 573 4
364 671 5
364 672 2
364 853 4
364 860 2
365 7 4
365 17 3
365 50 5
365 53 5
365 98 5
365 100 5
365 145 2
365 164 5
365 176 5
365 183 5
365 184 4
365 200 5
365 201 4
365 218 5
365 234 5
365 250 3
365 258 3
365 288 5
365 302 5
365 324 5
365 326 3
365 333 5
365 334 5
365 379 4
365 406 3
365 413 3
365 436 5
365 443 5
365 448 4
365 452 4
365 551 3
365 563 4
365 564 2
365 665 5
365 670 4
365 672 5
365 760 2
365 769 3
365 774 2
365 800 3
365 919 4
366 11 4
366 17 4
366 56 3
366 89 4
366 96 4
366 98 4
366 100 4
366 127 4
366 183 4
366 184 3
366 201 3
366 217 3
366 218 3
366 219 3
366 234 3
366 292 5
366 313 4
366 320 1
366 379 3
366 396 4
366 567 1
366 672 2
366 774 3
366 777 3
367 50 4
367 114 4
367 168 5
367 172 3
367 181 4
367 271 3
367 316 5
367 358 3
367 751 4
367 988 1
368 12 4
368 22 4
368 31 3
368 50 3
368 52 4
368 64 4
368 98 4
368 100 4
368 107 2
368 114 4
368 116 4
368 135 3
368 136 2
368 153 4
368 172 3
368 174 4
368 175 4
368 176 2
368 181 2
368 193 3
368 195 3
368 199 4
368 209 4
368 210 3
368 238 4
368 257 5
368 265 3
368 269 3
368 285 3
368 322 2
368 423 4
368 425 2
368 433 4
368 435 4
368 443 3
368 480 4
368 484 3
368 493 4
368 494 4
368 497 3
368 514 2
368 525 3
368 603 3
368 604 2
368 607 2
368 608 3
368 613 4
368 631 2
368 657 4
368 659 3
368 661 4
368 678 2
368 705 3
368 923 3
369 1 4
369 22 5
369 55 4
369 64 5
369 69 4
369 77 3
369 79 4
369 97 4
369 98 4
369 174 5
369 177 4
369 179 5
369 180 4
369 181 4
369 185 5
369 186 4
369 194 4
369 197 5
369 210 4
369 234 4
369 265 4
369 357 5
369 393 3
369 423 4
369 435 5
369 443 4
369 449 4
369 452 3
369 504 5
369 527 4
369 655 5
369 663 3
369 746 5
370 5 2
370 23 5
370 44 5
370 56 5
370 79 5
370 129 4
370 159 4
370 164 4
370 176 5
370 183 5
370 185 5
370 200 4
370 201 3
370 218 4
370 262 5
370 286 4
370 288 4
370 299 4
370 325 4
370 327 4
370 333 4
370 436 3
370 441 2
370 443 5
370 447 4
370 448 3
370 452 4
370 547 3
370 559 3
370 561 3
370 574 4
370 581 4
370 595 4
370 628 4
370 635 2
370 637 3
370 672 2
370 674 4
370 678 4
370 696 4
370 874 5
370 875 2
371 2 4
371 4 5
371 12 5
371 15 5
371 20 5
371 22 4
371 24 3
371 25 4
371 31 4
371 48 5
371 50 5
371 58 4
371 64 5
371 66 4
371 68 3
371 70 3
371 80 4
371 81 4
371 82 5
371 83 4
371 89 5
371 90 3
371 94 4
371 95 2
371 96 5
371 97 5
371 99 4
371 100 5
371 102 2
371 105 2
371 110 3
371 114 5
371 117 4
371 127 5
371 132 5
371 136 3
371 139 3
371 142 1
371 143 4
371 144 4
371 150 5
371 151 5
371 154 5
371 155 3
371 156 4
371 161 4
371 162 4
371 163 4
371 165 5
371 166 4
371 169 4
371 172 5
371 173 5
371 175 4
371 177 4
371 179 5
371 180 4
371 181 5
371 184 4
371 189 5
371 194 3
371 195 5
371 196 5
371 197 5
371 202 4
371 204 5
371 206 4
371 208 5
371 209 5
371 210 4
371 211 5
371 213 4
371 214 4
371 215 5
371 217 3
371 225 4
371 226 4
371 228 4
371 230 4
371 232 3
371 239 4
371 241 4
371 259 3
371 269 4
371 275 4
371 278 4
371 281 4
371 286 3
371 290 3
371 318 5
371 357 5
371 366 3
371 378 4
371 380 4
371 382 4
371 385 4
371 386 3
371 389 4
371 390 5
371 392 4
371 393 2
371 399 4
371 401 2
371 402 4
371 403 5
371 404 3
371 409 4
371 414 4
371 417 3
371 418 2
371 420 5
371 421 5
371 423 5
371 427 5
371 431 4
371 433 5
371 435 5
371 451 5
371 472 3
371 474 5
371 480 5
371 485 2
371 487 5
371 488 3
371 494 5
371 496 4
371 497 4
371 499 4
371 506 5
371 510 4
371 520 5
371 527 5
371 550 5
371 553 3
371 559 5
371 566 4
371 568 5
371 571 3
371 577 4
371 588 2
371 596 4
371 598 4
371 603 5
371 627 3
371 633 3
371 645 4
371 648 5
371 649 4
371 651 5
371 655 5
371 658 4
371 660 4
371 679 4
371 694 5
371 699 4
371 704 3
371 705 4
371 709 5
371 715 5
371 724 5
371 727 4
371 729 4
371 732 3
371 746 5
371 747 4
371 748 4
371 756 2
371 778 4
371 828 2
371 842 3
371 843 5
371 849 2
371 941 3
371 946 4
371 949 5
372 1 5
372 2 4
372 5 4
372 7 4
372 9 4
372 11 5
372 15 5
372 17 5
372 23 5
372 24 4
372 28 5
372 29 5
372 39 3
372 48 4
372 50 5
372 56 4
372 64 5
372 66 4
372 68 3
372 69 3
372 70 5
372 71 4
372 77 4
372 89 5
372 95 5
372 97 5
372 98 5
372 100 5
372 106 3
372 111 4
372 116 4
372 118 4
372 120 2
372 121 5
372 122 2
372 123 4
372 124 4
372 125 5
372 126 4
372 127 5
372 129 4
372 135 5
372 143 4
372 144 4
372 147 4
372 148 4
372 150 5
372 151 4
372 156 3
372 159 5
372 161 5
372 162 2
372 168 4
372 172 5
372 173 5
372 174 5
372 176 4
372 185 4
372 186 5
372 192 3
372 195 5
372 197 3
372 200 3
372 202 5
372 204 5
372 210 5
372 216 3
372 218 4
372 222 5
372 223 5
372 225 3
372 226 4
372 228 5
372 229 3
372 230 4
372 231 3
372 233 4
372 234 4
372 235 4
372 237 4
372 240 2
372 247 1
372 248 4
372 252 4
372 254 4
372 257 5
372 265 5
372 279 5
372 280 4
372 282 4
372 284 4
372 289 4
372 291 4
372 310 5
372 322 3
372 323 3
372 356 4
372 363 4
372 369 2
372 385 5
372 393 4
372 403 4
372 405 4
372 412 3
372 423 5
372 424 2
372 427 4
372 449 3
372 450 2
372 454 3
372 458 3
372 463 5
372 465 4
372 466 4
372 467 5
372 468 4
372 475 5
372 476 3
372 483 5
372 521 4
372 527 4
372 540 3
372 544 4
372 550 4
372 552 4
372 554 4
372 558 2
372 566 5
372 568 4
372 572 3
372 576 3
372 581 4
372 591 5
372 619 4
372 620 4
372 628 4
372 637 3
372 642 3
372 651 5
372 665 3
372 685 4
372 692 5
372 696 4
372 717 4
372 741 4
372 742 4
372 743 3
372 756 3
372 758 2
372 761 5
372 762 4
372 763 4
372 770 4
372 789 4
372 815 4
372 819 2
372 820 3
372 824 3
372 832 4
372 844 2
372 845 4
372 846 3
372 872 4
372 880 4
372 924 5
372 928 3
372 930 3
372 931 2
372 932 3
372 934 3
372 948 2
372 952 4
372 974 3
372 975 4
372 977 3
372 978 2
372 979 4
372 986 3
373 5 3
373 39 4
373 77 4
373 176 5
373 183 5
373 185 5
373 218 5
373 233 4
373 288 5
373 300 4
373 443 5
373 583 5
373 684 3
373 761 4
374 11 5
374 14 5
374 98 5
374 154 4
374 181 5
374 197 5
374 198 5
374 223 5
374 237 3
374 246 4
374 268 4
374 274 1
374 275 4
374 289 4
374 301 5
374 603 3
374 762 4
375 56 5
375 98 5
375 100 5
375 164 5
375 168 5
375 173 5
375 194 4
375 219 3
375 234 5
375 258 4
375 268 4
375 288 4
375 313 5
375 316 5
375 323 2
375 354 4
375 443 4
375 508 5
375 895 4
376 1 2
376 2 4
376 4 4
376 5 4
376 7 4
376 8 4
376 9 4
376 10 4
376 11 5
376 12 5
376 13 5
376 14 5
376 15 5
376 21 1
376 22 4
376 28 4
376 29 2
376 31 5
376 40 2
376 42 5
376 43 4
376 48 5
376 49 3
376 50 5
376 52 4
376 53 4
376 54 4
376 58 4
376 59 5
376 62 3
376 63 4
376 65 4
376 66 4
376 68 2
376 70 3
376 73 4
376 77 4
376 79 5
376 86 2
376 87 4
376 88 5
376 89 5
376 91 5
376 94 3
376 95 2
376 99 4
376 100 5
376 106 4
376 110 4
376 111 4
376 117 4
376 121 4
376 123 3
376 125 3
376 126 5
376 132 5
376 133 3
376 135 5
376 141 4
376 143 4
376 144 4
376 148 3
376 151 5
376 153 3
376 155 2
376 157 3
376 159 3
376 161 3
376 162 4
376 167 3
376 172 5
376 173 5
376 174 5
376 175 4
376 176 5
376 179 5
376 180 4
376 181 5
376 182 4
376 186 5
376 191 4
376 194 3
376 195 5
376 196 5
376 197 5
376 200 5
376 202 4
376 203 4
376 207 4
376 210 4
376 213 4
376 215 5
376 217 4
376 218 5
376 220 2
376 222 4
376 223 4
376 226 4
376 227 3
376 230 4
376 233 4
376 234 5
376 235 1
376 237 3
376 239 3
376 241 4
376 245 3
376 248 4
376 252 4
376 254 2
376 255 3
376 257 5
376 258 3
376 269 4
376 272 5
376 273 5
376 274 1
376 275 3
376 276 5
376 277 4
376 280 4
376 281 4
376 282 4
376 283 4
376 284 2
376 285 4
376 286 3
376 288 5
376 289 3
376 294 3
376 295 3
376 298 4
376 300 4
376 301 5
376 302 4
376 304 3
376 317 4
376 318 5
376 319 5
376 321 4
376 326 4
376 328 3
376 356 4
376 365 2
376 367 4
376 380 4
376 381 5
376 382 4
376 385 4
376 386 4
376 387 3
376 392 4
376 393 2
376 396 4
376 401 3
376 403 5
376 404 3
376 405 3
376 409 3
376 410 3
376 411 3
376 417 4
376 418 2
376 419 2
376 420 5
376 423 5
376 432 4
376 435 5
376 447 5
376 449 4
376 450 2
376 451 5
376 458 4
376 465 2
376 469 5
376 471 4
376 476 2
376 479 5
376 482 5
376 485 2
376 496 4
376 500 4
376 501 1
376 508 5
376 509 4
376 517 4
376 527 5
376 528 4
376 542 3
376 546 3
376 549 4
376 554 3
376 559 5
376 566 4
376 568 5
376 572 5
376 575 4
376 576 3
376 582 4
376 591 4
376 596 3
376 597 2
376 619 4
376 620 3
376 623 4
376 629 4
376 631 4
376 632 4
376 635 4
376 636 4
376 651 5
376 655 5
376 663 4
376 665 3
376 674 4
376 686 4
376 692 3
376 693 5
376 694 1
376 702 5
376 703 4
376 707 3
376 708 4
376 709 5
376 715 5
376 716 4
376 720 3
376 722 4
376 724 5
376 727 2
376 729 4
376 731 3
376 732 3
376 734 3
376 736 5
376 742 3
376 744 3
376 747 4
376 755 4
376 756 2
376 762 4
376 768 3
376 778 4
376 780 5
376 787 4
376 792 4
376 793 4
376 796 3
376 806 3
376 807 4
376 845 5
376 866 3
376 875 4
376 896 2
376 918 4
376 921 2
376 924 3
376 926 1
376 928 4
376 930 3
376 939 4
376 942 4
376 951 3
376 959 3
376 961 4
376 969 1
376 972 4
376 977 3
376 979 3
377 1 5
377 2 4
377 4 5
377 8 5
377 9 5
377 12 5
377 23 5
377 50 5
377 52 5
377 54 4
377 56 5
377 62 4
377 63 4
377 64 5
377 69 5
377 79 5
377 82 4
377 83 5
377 88 4
377 89 5
377 90 4
377 93 5
377 96 5
377 98 5
377 100 5
377 116 4
377 124 5
377 131 4
377 133 5
377 135 5
377 141 5
377 144 4
377 152 5
377 153 4
377 157 5
377 158 3
377 161 4
377 163 5
377 164 4
377 168 5
377 172 5
377 173 5
377 176 5
377 177 5
377 178 5
377 179 5
377 183 5
377 186 5
377 188 5
377 191 5
377 192 5
377 193 5
377 194 5
377 195 5
377 196 5
377 200 5
377 202 5
377 203 4
377 204 5
377 205 5
377 208 5
377 210 5
377 211 5
377 216 5
377 219 4
377 227 4
377 230 3
377 233 5
377 238 5
377 239 5
377 257 4
377 270 5
377 271 3
377 284 4
377 285 5
377 294 4
377 300 4
377 306 5
377 310 5
377 331 4
377 339 4
377 357 5
377 372 5
377 381 4
377 383 2
377 385 4
377 391 4
377 393 4
377 395 4
377 401 4
377 402 5
377 405 4
377 414 5
377 417 4
377 419 4
377 427 5
377 428 5
377 434 5
377 436 5
377 443 5
377 447 5
377 448 4
377 451 4
377 452 4
377 461 4
377 480 5
377 496 5
377 504 5
377 511 5
377 514 5
377 516 4
377 517 5
377 520 5
377 522 5
377 523 5
377 527 5
377 528 5
377 529 4
377 530 5
377 554 3
377 559 4
377 563 2
377 566 5
377 568 4
377 575 4
377 576 4
377 603 5
377 616 5
377 622 4
377 636 4
377 637 3
377 644 5
377 649 4
377 651 5
377 655 5
377 659 5
377 674 4
377 684 5
377 686 5
377 701 4
377 704 3
377 705 4
377 710 4
377 712 4
377 729 5
377 732 4
377 735 5
377 736 5
377 746 5
377 842 3
377 855 4
378 1 4
378 7 4
378 12 4
378 22 4
378 28 4
378 31 4
378 38 3
378 58 4
378 59 4
378 60 3
378 61 4
378 62 4
378 64 5
378 69 3
378 71 4
378 81 3
378 95 4
378 98 4
378 100 5
378 109 5
378 114 3
378 118 2
378 121 4
378 132 4
378 134 3
378 139 3
378 152 3
378 154 3
378 161 3
378 163 3
378 168 4
378 170 5
378 172 4
378 176 3
378 177 4
378 180 3
378 181 4
378 183 4
378 185 4
378 186 5
378 190 4
378 194 4
378 197 3
378 208 4
378 213 4
378 215 3
378 217 3
378 222 4
378 228 5
378 229 3
378 238 4
378 241 2
378 258 4
378 265 4
378 270 3
378 306 3
378 313 4
378 315 4
378 340 2
378 356 4
378 357 4
378 382 5
378 414 3
378 416 2
378 419 4
378 423 4
378 425 3
378 427 4
378 428 5
378 435 4
378 443 4
378 449 3
378 462 3
378 463 4
378 465 3
378 474 3
378 479 4
378 483 4
378 502 5
378 506 3
378 512 3
378 515 4
378 518 4
378 521 2
378 527 3
378 529 4
378 530 4
378 549 4
378 561 2
378 566 4
378 570 3
378 573 2
378 582 4
378 587 3
378 614 4
378 629 3
378 630 2
378 631 4
378 651 4
378 652 3
378 654 3
378 663 4
378 664 3
378 665 3
378 670 3
378 684 4
378 699 3
378 708 2
378 712 3
378 729 3
378 732 3
378 736 4
378 744 2
378 750 4
378 751 4
378 753 3
378 770 2
378 856 5
378 923 4
378 956 4
378 959 3
379 1 5
379 13 4
379 14 4
379 15 3
379 16 4
379 20 4
379 30 4
379 50 4
379 59 5
379 77 4
379 79 5
379 83 4
379 89 5
379 94 4
379 95 5
379 97 5
379 99 4
379 100 5
379 102 4
379 121 4
379 129 4
379 132 4
379 133 4
379 134 4
379 135 5
379 139 4
379 150 5
379 151 4
379 175 4
379 178 5
379 191 5
379 212 2
379 214 4
379 216 4
379 217 3
379 228 5
379 259 3
379 276 3
379 281 4
379 294 4
379 303 3
379 304 4
379 318 4
379 344 4
379 378 2
379 418 4
379 443 4
379 459 4
379 462 5
379 473 4
379 479 4
379 485 5
379 487 4
379 493 5
379 495 4
379 498 4
379 501 5
379 509 5
379 517 5
379 525 4
379 526 5
379 529 5
379 582 4
379 607 3
379 631 4
379 634 4
379 640 3
379 647 4
379 652 5
379 656 5
379 657 4
379 660 5
379 673 4
379 682 3
379 693 5
379 705 5
379 724 4
379 742 5
379 771 3
379 778 5
379 855 5
379 887 5
379 898 1
379 914 3
379 931 2
379 934 1
379 961 4
379 995 4
380 7 4
380 9 4
380 23 4
380 50 4
380 56 4
380 98 5
380 100 5
380 122 2
380 127 4
380 134 4
380 135 4
380 137 5
380 150 4
380 171 5
380 177 4
380 180 4
380 183 5
380 258 3
380 276 4
380 290 3
380 332 3
380 475 4
380 481 5
380 482 5
380 507 3
380 508 4
380 531 4
380 717 2
381 14 5
381 19 5
381 58 5
381 81 5
381 86 3
381 89 5
381 100 5
381 134 5
381 135 5
381 137 5
381 180 5
381 193 5
381 197 5
381 203 5
381 205 3
381 223 5
381 237 5
381 238 4
381 268 5
381 272 5
381 285 5
381 302 5
381 315 5
381 319 3
381 321 3
381 345 5
381 357 4
381 425 5
381 427 5
381 435 5
381 464 5
381 474 5
381 475 5
381 478 5
381 479 5
381 480 4
381 483 5
381 484 5
381 496 5
381 505 4
381 514 5
381 531 4
381 603 5
381 639 4
381 641 5
381 657 5
382 272 5
382 289 4
382 302 4
382 316 5
382 327 4
382 343 4
382 355 4
382 751 3
382 989 4
383 4 3
383 8 3
383 12 4
383 18 2
383 24 3
383 29 3
383 32 3
383 37 3
383 42 3
383 47 3
383 48 3
383 50 4
383 53 2
383 56 3
383 58 4
383 59 3
383 61 3
383 79 3
383 81 4
383 82 3
383 87 5
383 89 4
383 93 3
383 98 3
383 99 4
383 111 3
383 114 4
383 122 1
383 127 4
383 128 2
383 129 4
383 131 2
383 133 3
383 134 4
383 135 3
383 136 4
383 143 3
383 144 3
383 145 1
383 151 3
383 152 2
383 153 4
383 168 4
383 169 4
383 171 4
383 172 4
383 173 4
383 174 4
383 175 3
383 177 3
383 180 3
383 181 4
383 183 3
383 186 3
383 187 4
383 189 4
383 191 4
383 192 3
383 194 4
383 195 4
383 199 4
383 200 4
383 207 4
383 208 3
383 209 4
383 211 3
383 216 4
383 217 3
383 218 3
383 219 1
383 221 3
383 224 4
383 235 2
383 236 3
383 238 4
383 249 2
383 250 4
383 253 3
383 254 2
383 256 2
383 257 3
383 262 5
383 273 3
383 276 3
383 283 3
383 285 4
383 286 3
383 290 2
383 293 4
383 304 4
383 305 3
383 318 4
383 320 5
383 325 2
383 337 2
383 340 3
383 346 3
383 347 3
383 367 2
383 383 1
383 385 4
383 403 2
383 405 3
383 408 4
383 417 3
383 419 4
383 423 3
383 425 4
383 427 4
383 428 3
383 429 3
383 430 4
383 433 4
383 435 3
383 443 3
383 447 3
383 451 2
383 455 3
383 458 3
383 461 3
383 462 2
383 473 3
383 474 4
383 479 4
383 480 3
383 482 4
383 483 4
383 485 4
383 486 3
383 487 4
383 489 3
383 492 3
383 496 4
383 498 3
383 500 4
383 502 3
383 503 2
383 506 3
383 507 3
383 508 3
383 511 4
383 512 4
383 520 4
383 521 2
383 523 4
383 524 3
383 525 2
383 526 2
383 529 3
383 557 3
383 603 4
383 604 3
383 606 3
383 616 2
383 631 2
383 650 3
383 652 3
383 653 3
383 654 3
383 657 4
383 658 4
383 659 4
383 661 4
383 663 3
383 664 3
383 673 4
383 674 3
383 675 2
383 705 3
383 719 2
383 727 3
383 732 4
383 739 3
383 745 3
383 794 2
383 851 3
383 855 3
383 865 3
383 871 2
383 896 3
383 900 3
383 919 4
383 922 4
383 940 3
383 942 3
383 945 3
383 959 2
383 961 4
383 965 2
384 24 4
384 50 5
384 121 4
384 222 4
384 273 5
384 455 3
384 685 3
384 825 4
384 833 3
384 840 3
385 2 3
385 4 3
385 7 4
385 8 4
385 10 3
385 11 4
385 13 3
385 20 4
385 22 4
385 23 4
385 24 3
385 27 2
385 31 4
385 32 4
385 33 3
385 39 3
385 47 5
385 48 3
385 50 4
385 52 3
385 55 4
385 56 4
385 58 4
385 61 4
385 62 2
385 64 4
385 68 2
385 71 4
385 76 4
385 79 4
385 81 3
385 82 3
385 83 4
385 89 4
385 91 3
385 92 4
385 93 4
385 96 3
385 97 3
385 98 4
385 99 4
385 101 3
385 102 2
385 113 5
385 114 4
385 116 4
385 117 3
385 121 4
385 123 3
385 127 4
385 129 3
385 133 4
385 135 4
385 136 4
385 144 3
385 147 4
385 151 4
385 152 3
385 156 4
385 161 3
385 168 4
385 169 4
385 176 4
385 180 4
385 181 4
385 182 4
385 183 4
385 184 3
385 186 4
385 187 4
385 189 4
385 190 4
385 192 4
385 193 4
385 194 4
385 195 4
385 196 4
385 197 4
385 198 4
385 200 4
385 201 4
385 202 4
385 203 4
385 205 4
385 206 4
385 208 4
385 209 4
385 210 4
385 211 4
385 215 4
385 217 4
385 218 3
385 219 3
385 222 4
385 223 4
385 224 4
385 226 3
385 228 4
385 229 3
385 230 3
385 231 3
385 233 4
385 238 4
385 241 3
385 246 4
385 248 3
385 250 4
385 258 4
385 265 4
385 268 4
385 273 4
385 277 4
385 288 3
385 289 3
385 293 4
385 294 3
385 295 2
385 298 2
385 317 4
385 318 4
385 319 2
385 320 5
385 321 3
385 325 3
385 333 3
385 357 4
385 380 4
385 381 3
385 385 3
385 393 4
385 403 4
385 410 3
385 414 4
385 418 3
385 423 3
385 428 5
385 429 4
385 430 4
385 431 4
385 432 4
385 435 4
385 436 4
385 441 2
385 444 3
385 446 3
385 447 4
385 448 3
385 455 3
385 458 3
385 461 3
385 463 3
385 473 3
385 474 4
385 475 4
385 477 2
385 488 4
385 496 4
385 508 4
385 511 3
385 514 4
385 515 5
385 520 4
385 526 3
385 528 4
385 547 5
385 549 4
385 558 3
385 559 3
385 561 3
385 564 2
385 566 4
385 569 3
385 578 3
385 580 4
385 582 4
385 583 4
385 593 3
385 603 4
385 619 3
385 625 4
385 642 3
385 650 4
385 651 4
385 659 3
385 663 3
385 672 3
385 674 4
385 678 2
385 679 4
385 684 4
385 692 3
385 693 3
385 697 2
385 715 3
385 732 3
385 735 4
385 737 2
385 742 3
385 744 3
385 768 3
385 769 3
385 772 3
385 773 3
385 774 2
385 789 4
385 790 3
385 806 4
385 844 2
385 845 3
385 854 3
385 856 4
385 919 5
385 942 3
385 943 3
385 952 3
385 969 2
385 972 3
385 984 2
386 5 2
386 56 5
386 100 5
386 111 5
386 117 4
386 147 4
386 184 4
386 237 4
386 259 3
386 288 4
386 298 3
386 307 4
386 310 5
386 315 5
386 323 4
386 326 4
386 333 4
386 508 5
386 569 2
386 591 5
386 628 5
386 678 4
386 680 5
386 682 3
386 690 4
386 742 4
386 769 4
386 773 2
386 816 2
386 845 4
386 871 4
386 895 3
387 4 5
387 8 4
387 23 5
387 25 4
387 28 4
387 29 4
387 38 2
387 40 2
387 42 5
387 47 5
387 50 4
387 53 5
387 56 5
387 58 4
387 59 5
387 64 5
387 65 5
387 66 3
387 69 5
387 72 3
387 77 2
387 79 4
387 80 2
387 82 2
387 88 4
387 90 2
387 94 4
387 95 3
387 98 5
387 99 5
387 100 5
387 105 2
387 109 3
387 111 3
387 118 3
387 127 5
387 131 4
387 132 5
387 136 4
387 142 4
387 151 5
387 152 4
387 153 3
387 154 4
387 159 3
387 160 5
387 167 4
387 168 5
387 172 2
387 173 4
387 174 5
387 176 5
387 178 5
387 179 5
387 181 3
387 185 5
387 186 5
387 191 5
387 194 5
387 197 5
387 202 4
387 204 3
387 205 4
387 208 4
387 210 5
387 211 4
387 216 5
387 217 4
387 234 5
387 238 5
387 249 3
387 275 4
387 283 4
387 285 4
387 300 5
387 301 5
387 346 5
387 378 4
387 383 4
387 384 4
387 393 4
387 395 4
387 396 5
387 401 3
387 404 4
387 407 4
387 410 5
387 411 3
387 414 5
387 416 4
387 420 5
387 423 3
387 428 5
387 429 4
387 435 4
387 451 4
387 454 4
387 467 4
387 471 4
387 474 4
387 475 5
387 477 4
387 478 4
387 479 5
387 480 4
387 481 5
387 483 5
387 484 5
387 490 4
387 491 4
387 492 4
387 493 4
387 497 4
387 498 5
387 499 4
387 501 4
387 502 4
387 503 4
387 504 5
387 506 4
387 507 4
387 509 4
387 510 4
387 514 5
387 517 4
387 518 5
387 519 5
387 520 4
387 525 4
387 526 4
387 550 4
387 558 4
387 568 4
387 583 5
387 584 4
387 588 5
387 591 5
387 602 4
387 604 4
387 605 4
387 607 4
387 610 4
387 612 4
387 613 4
387 615 4
387 616 4
387 630 4
387 631 4
387 642 4
387 649 4
387 656 4
387 657 5
387 661 5
387 662 4
387 671 4
387 674 4
387 693 5
387 699 5
387 700 4
387 705 4
387 712 5
387 715 3
387 731 4
387 732 4
387 736 4
387 739 4
387 756 2
387 763 4
387 778 4
387 780 5
387 785 4
387 792 4
387 820 4
387 824 4
387 835 4
387 836 4
387 845 4
387 847 3
387 923 4
387 926 3
387 942 4
387 945 4
387 954 4
387 997 2
388 1 4
388 9 4
388 13 5
388 126 4
388 258 5
388 275 4
388 302 5
388 304 2
388 319 4
388 328 4
388 329 3
388 331 4
388 740 2
388 742 5
388 845 4
388 989 4
389 9 4
389 11 5
389 12 5
389 15 5
389 22 4
389 31 5
389 47 5
389 48 5
389 56 5
389 58 4
389 59 5
389 60 4
389 64 5
389 69 5
389 71 3
389 76 4
389 89 5
389 97 5
389 100 5
389 127 5
389 132 5
389 134 5
389 148 3
389 168 5
389 173 5
389 182 4
389 188 4
389 191 4
389 195 5
389 197 5
389 200 5
389 203 4
389 204 5
389 205 3
389 213 4
389 215 5
389 222 4
389 234 5
389 237 3
389 238 5
389 258 3
389 264 4
389 276 5
389 282 4
389 286 3
389 288 5
389 294 3
389 300 4
389 318 5
389 334 5
389 357 5
389 421 5
389 458 4
389 460 2
389 471 4
389 474 5
389 479 5
389 480 5
389 482 5
389 490 4
389 491 4
389 498 5
389 504 5
389 507 4
389 508 5
389 510 4
389 511 5
389 527 5
389 530 3
389 544 4
389 546 3
389 603 5
389 604 3
389 628 5
389 646 4
389 659 3
389 661 5
389 678 2
389 748 3
389 772 4
389 774 2
389 963 5
390 8 5
390 23 5
390 58 4
390 59 4
390 99 4
390 114 5
390 129 4
390 166 4
390 169 5
390 170 4
390 172 5
390 173 5
390 178 5
390 179 4
390 180 4
390 181 5
390 189 5
390 191 5
390 197 4
390 199 4
390 200 4
390 209 4
390 244 2
390 248 5
390 249 3
390 250 4
390 255 4
390 257 5
390 260 3
390 268 4
390 270 5
390 271 3
390 272 5
390 276 4
390 285 4
390 288 4
390 289 4
390 293 5
390 294 3
390 297 3
390 300 4
390 302 4
390 303 4
390 304 4
390 310 5
390 312 3
390 313 5
390 319 3
390 321 4
390 323 3
390 324 4
390 325 4
390 328 4
390 333 4
390 340 3
390 344 4
390 345 4
390 346 5
390 347 4
390 463 4
390 482 5
390 491 5
390 492 4
390 493 4
390 511 4
390 515 5
390 534 5
390 538 3
390 615 4
390 632 4
390 650 4
390 663 3
390 705 4
390 813 5
390 847 4
390 872 4
390 873 2
390 880 4
391 2 4
391 3 4
391 4 5
391 5 4
391 7 5
391 11 4
391 12 5
391 15 4
391 17 3
391 21 2
391 22 5
391 24 4
391 25 4
391 26 4
391 27 4
391 28 4
391 29 4
391 31 4
391 36 4
391 38 2
391 40 2
391 41 4
391 42 5
391 48 4
391 49 3
391 50 4
391 51 4
391 54 4
391 55 5
391 56 5
391 58 4
391 62 4
391 64 5
391 65 4
391 67 4
391 68 2
391 69 5
391 70 3
391 71 4
391 73 5
391 78 4
391 79 4
391 81 4
391 83 4
391 84 4
391 85 4
391 86 4
391 87 4
391 88 4
391 90 2
391 94 4
391 95 3
391 99 5
391 100 5
391 105 2
391 108 3
391 109 4
391 110 4
391 111 3
391 117 4
391 118 2
391 122 3
391 123 2
391 126 4
391 128 4
391 132 4
391 135 4
391 136 4
391 138 4
391 139 4
391 142 4
391 144 4
391 147 5
391 148 2
391 153 4
391 154 4
391 161 2
391 168 5
391 169 4
391 172 2
391 173 4
391 181 3
391 184 4
391 186 5
391 189 4
391 191 5
391 194 5
391 196 4
391 202 4
391 203 4
391 204 2
391 206 4
391 215 4
391 222 3
391 223 4
391 227 4
391 228 4
391 233 4
391 237 4
391 239 3
391 240 3
391 241 4
391 243 4
391 245 3
391 252 4
391 255 3
391 257 5
391 258 3
391 265 5
391 270 3
391 271 2
391 273 5
391 274 4
391 275 4
391 278 4
391 280 4
391 281 4
391 283 4
391 290 4
391 291 4
391 294 3
391 298 4
391 303 4
391 313 5
391 316 5
391 317 4
391 318 5
391 321 4
391 323 2
391 328 3
391 333 4
391 338 2
391 342 4
391 344 4
391 347 4
391 354 4
391 355 4
391 356 4
391 357 5
391 362 4
391 363 4
391 364 4
391 365 4
391 366 4
391 369 2
391 373 4
391 374 4
391 376 4
391 377 4
391 378 4
391 380 4
391 385 2
391 386 5
391 391 4
391 393 4
391 394 4
391 396 5
391 403 4
391 404 4
391 405 4
391 409 2
391 410 4
391 412 2
391 415 4
391 417 4
391 418 4
391 419 5
391 420 5
391 421 3
391 423 3
391 431 4
391 443 4
391 456 2
391 465 4
391 470 4
391 471 3
391 472 4
391 473 3
391 476 2
391 477 4
391 479 5
391 480 4
391 496 5
391 497 4
391 500 4
391 501 4
391 527 4
391 538 4
391 539 4
391 540 4
391 544 3
391 546 2
391 550 4
391 552 4
391 553 4
391 554 4
391 559 3
391 561 3
391 566 4
391 568 4
391 569 4
391 571 4
391 576 4
391 578 4
391 588 5
391 591 5
391 596 3
391 597 3
391 622 4
391 623 4
391 628 5
391 630 4
391 633 4
391 636 4
391 644 4
391 651 5
391 655 4
391 659 4
391 672 4
391 681 4
391 683 4
391 685 3
391 686 4
391 687 4
391 690 4
391 692 2
391 696 4
391 705 4
391 710 4
391 715 4
391 717 2
391 721 3
391 722 4
391 725 3
391 727 4
391 728 4
391 731 4
391 737 2
391 739 4
391 742 2
391 747 4
391 751 5
391 755 4
391 756 2
391 761 4
391 763 5
391 771 4
391 775 4
391 778 4
391 779 4
391 780 5
391 781 4
391 783 4
391 789 4
391 792 4
391 794 4
391 797 4
391 802 4
391 805 4
391 808 4
391 810 4
391 812 4
391 815 2
391 821 2
391 824 3
391 825 2
391 826 4
391 831 4
391 836 4
391 840 2
391 841 2
391 842 4
391 843 4
391 845 4
391 870 4
391 871 3
391 876 4
391 879 4
391 890 4
391 905 4
391 922 4
391 929 4
391 930 4
391 932 4
391 939 4
391 940 4
391 944 4
391 949 4
391 951 4
391 953 4
391 964 4
391 977 4
391 996 4
391 997 2
391 999 4
391 1000 4
392 1 5
392 7 4
392 28 5
392 31 5
392 38 5
392 39 4
392 42 5
392 56 5
392 63 5
392 68 4
392 72 4
392 73 4
392 79 5
392 84 5
392 88 5
392 96 5
392 97 5
392 98 5
392 101 5
392 117 5
392 121 5
392 128 4
392 132 5
392 144 5
392 154 5
392 156 5
392 158 4
392 161 5
392 164 5
392 172 5
392 174 5
392 179 5
392 181 5
392 184 4
392 195 5
392 208 5
392 210 5
392 216 5
392 217 4
392 218 4
392 222 5
392 226 5
392 227 5
392 229 4
392 230 4
392 232 4
392 233 5
392 238 5
392 250 5
392 257 4
392 265 5
392 282 5
392 288 4
392 313 5
392 364 3
392 383 2
392 385 5
392 386 3
392 411 4
392 416 5
392 419 4
392 423 5
392 433 5
392 449 4
392 450 4
392 455 5
392 496 5
392 508 5
392 540 4
392 541 4
392 550 5
392 552 5
392 554 4
392 559 3
392 561 3
392 568 5
392 576 4
392 578 4
392 597 4
392 655 5
392 658 4
392 665 4
392 679 4
392 746 5
392 763 4
392 771 4
392 773 2
392 780 4
392 797 5
392 802 4
392 979 5
393 1 4
393 50 5
393 64 5
393 89 5
393 97 4
393 98 4
393 100 5
393 121 4
393 151 4
393 154 4
393 174 5
393 186 5
393 196 4
393 210 5
393 216 4
393 237 4
393 252 3
393 255 4
393 257 5
393 273 4
393 313 5
393 315 5
393 328 4
393 342 4
393 343 2
393 423 4
393 458 3
393 472 4
393 632 4
393 739 4
393 892 3
393 924 5
394 1 4
394 9 4
394 25 3
394 100 5
394 106 3
394 117 3
394 121 5
394 125 4
394 222 3
394 237 4
394 245 3
394 260 4
394 274 4
394 291 4
394 300 4
394 322 3
394 328 3
394 329 3
394 333 4
394 405 3
394 455 2
394 471 4
394 591 4
394 619 4
394 678 2
394 717 2
394 751 5
394 840 2
394 930 2
394 977 2
394 986 2
395 7 4
395 8 4
395 23 5
395 56 5
395 95 4
395 100 5
395 108 3
395 109 4
395 117 4
395 127 5
395 134 4
395 135 4
395 156 4
395 171 5
395 172 4
395 174 5
395 177 4
395 178 5
395 181 4
395 183 5
395 192 4
395 194 4
395 197 4
395 210 5
395 221 4
395 223 5
395 261 3
395 268 4
395 286 4
395 288 4
395 302 4
395 313 5
395 318 5
395 322 3
395 324 5
395 325 4
395 327 3
395 334 4
395 338 3
395 340 3
395 345 3
395 346 5
395 390 5
395 423 4
395 457 2
395 475 4
395 479 4
395 483 5
395 498 4
395 513 4
395 588 4
395 615 4
395 641 5
395 657 4
395 680 3
395 705 4
395 748 3
395 751 4
395 853 4
395 855 3
395 878 2
395 894 2
395 896 3
395 988 1
395 989 4
395 991 3
396 4 4
396 12 5
396 13 5
396 15 5
396 25 4
396 28 4
396 31 4
396 47 5
396 49 3
396 50 5
396 56 5
396 58 4
396 63 3
396 64 5
396 65 4
396 66 4
396 69 5
396 70 3
396 72 3
396 73 5
396 82 5
396 85 4
396 88 5
396 94 4
396 95 2
396 117 3
396 124 3
396 125 3
396 126 5
396 127 5
396 144 3
396 152 4
396 154 4
396 159 3
396 162 4
396 163 4
396 167 4
396 168 5
396 172 5
396 173 5
396 174 5
396 178 5
396 181 5
396 182 4
396 183 5
396 186 5
396 191 4
396 194 3
396 196 5
396 197 5
396 199 4
396 202 4
396 203 4
396 204 5
396 205 3
396 211 5
396 216 4
396 227 3
396 228 4
396 229 3
396 230 4
396 234 5
396 235 1
396 239 3
396 274 1
396 276 5
396 284 2
396 357 5
396 385 4
396 393 2
396 399 4
396 403 5
396 414 5
396 417 4
396 423 5
396 429 4
396 430 5
396 432 4
396 435 5
396 474 5
396 476 2
396 479 5
396 480 5
396 481 5
396 485 2
396 491 4
396 493 4
396 494 4
396 495 4
396 496 4
396 497 4
396 498 5
396 501 1
396 502 4
396 504 5
396 510 4
396 514 5
396 519 4
396 520 4
396 521 5
396 525 4
396 588 2
396 589 3
396 591 4
396 602 4
396 648 5
396 654 4
396 663 4
396 692 3
396 700 4
396 710 3
396 715 5
396 732 3
396 735 5
396 737 2
396 756 2
396 796 4
396 953 4
396 969 3
396 991 4
396 993 3
397 2 3
397 5 3
397 8 4
397 9 3
397 15 4
397 22 3
397 26 4
397 31 3
397 33 2
397 38 2
397 41 3
397 42 4
397 48 4
397 53 4
397 55 4
397 56 4
397 57 5
397 58 3
397 62 3
397 63 2
397 66 3
397 67 3
397 68 1
397 69 4
397 71 2
397 72 3
397 73 4
397 77 3
397 79 4
397 80 2
397 84 3
397 91 5
397 94 3
397 95 1
397 97 4
397 98 4
397 99 3
397 102 1
397 110 3
397 114 4
397 117 3
397 118 4
397 121 3
397 127 4
397 128 2
397 132 4
397 140 1
397 143 4
397 144 3
397 147 4
397 148 2
397 153 3
397 154 3
397 155 2
397 156 3
397 157 3
397 161 2
397 164 5
397 172 4
397 173 4
397 174 4
397 175 3
397 179 4
397 180 3
397 181 4
397 186 4
397 187 4
397 188 3
397 195 4
397 196 4
397 203 3
397 204 4
397 210 3
397 214 3
397 215 4
397 219 2
397 223 3
397 226 3
397 227 2
397 228 3
397 229 2
397 230 3
397 231 3
397 233 3
397 234 4
397 237 2
397 238 4
397 239 3
397 241 3
397 264 3
397 265 3
397 268 4
397 273 4
397 274 1
397 276 4
397 282 3
397 284 1
397 288 4
397 289 3
397 291 2
397 295 3
397 301 4
397 307 3
397 318 4
397 323 3
397 332 3
397 338 3
397 340 5
397 364 3
397 372 5
397 378 3
397 382 3
397 383 3
397 384 3
397 385 3
397 386 5
397 388 3
397 389 3
397 393 1
397 399 3
397 400 3
397 401 3
397 402 3
397 403 4
397 405 2
397 407 4
397 412 2
397 413 2
397 418 1
397 420 5
397 423 4
397 431 3
397 432 3
397 436 4
397 444 3
397 450 3
397 451 4
397 452 3
397 454 3
397 455 2
397 459 3
397 470 2
397 471 3
397 475 4
397 486 3
397 496 3
397 501 1
397 506 4
397 508 4
397 527 4
397 531 4
397 542 3
397 543 3
397 544 3
397 546 2
397 549 3
397 550 4
397 551 3
397 554 1
397 559 4
397 564 1
397 566 3
397 568 4
397 575 3
397 576 3
397 578 3
397 582 3
397 587 3
397 588 1
397 591 3
397 597 1
397 616 4
397 622 3
397 628 4
397 633 2
397 651 4
397 655 4
397 673 4
397 679 3
397 684 2
397 693 4
397 697 4
397 710 2
397 720 3
397 722 3
397 727 3
397 732 2
397 735 4
397 738 4
397 742 2
397 744 2
397 747 3
397 754 3
397 755 3
397 760 1
397 763 3
397 768 3
397 769 3
397 772 3
397 774 1
397 779 3
397 781 3
397 806 3
397 809 3
397 813 5
397 817 3
397 824 3
397 825 3
397 826 3
397 845 4
397 924 3
397 926 1
397 928 3
397 941 3
397 946 3
397 959 3
397 969 1
397 975 3
397 977 3
397 986 3
398 258 3
398 286 3
398 288 5
398 294 3
398 300 4
398 304 4
398 332 3
398 689 4
398 690 4
399 9 3
399 11 2
399 13 3
399 14 3
399 25 3
399 26 2
399 44 2
399 50 4
399 64 4
399 65 3
399 69 2
399 70 3
399 71 3
399 83 3
399 97 3
399 100 4
399 117 3
399 127 4
399 133 2
399 135 3
399 143 3
399 144 3
399 147 3
399 151 3
399 153 3
399 154 3
399 157 4
399 161 3
399 162 3
399 172 3
399 173 4
399 174 3
399 181 4
399 194 3
399 196 3
399 197 3
399 198 3
399 199 3
399 202 3
399 204 3
399 210 4
399 225 3
399 248 3
399 257 3
399 272 3
399 273 2
399 275 3
399 276 3
399 280 3
399 282 3
399 294 3
399 302 4
399 312 4
399 315 3
399 316 3
399 321 3
399 322 2
399 328 3
399 342 3
399 356 2
399 357 3
399 365 2
399 371 2
399 385 3
399 404 3
399 430 4
399 435 3
399 451 2
399 462 2
399 471 3
399 473 2
399 477 3
399 478 3
399 481 3
399 483 4
399 485 3
399 486 2
399 493 3
399 499 3
399 501 3
399 507 3
399 508 3
399 509 3
399 511 3
399 515 4
399 519 3
399 520 4
399 527 3
399 528 3
399 535 3
399 553 3
399 566 3
399 582 2
399 588 4
399 603 3
399 604 3
399 609 2
399 630 3
399 632 4
399 638 4
399 651 3
399 654 3
399 655 3
399 659 3
399 661 3
399 684 3
399 707 3
399 724 3
399 735 3
399 748 2
399 762 3
399 815 2
399 866 2
399 892 2
400 7 4
400 9 5
400 10 5
400 12 5
400 13 4
400 16 4
400 19 4
400 25 4
400 42 5
400 50 5
400 111 4
400 116 4
400 117 4
400 124 5
400 126 4
400 127 5
400 135 5
400 151 4
400 182 5
400 204 5
400 235 3
400 237 5
400 245 4
400 255 4
400 257 4
400 273 4
400 276 5
400 286 4
400 455 4
400 471 3
400 475 4
400 476 3
400 479 5
400 480 5
400 483 5
400 511 5
400 515 5
400 529 4
400 628 4
400 696 4
400 864 4
