201 1 3
201 111 4
201 268 4
201 283 5
201 291 4
201 305 4
201 331 4
201 740 4
202 259 3
202 292 3
202 682 3
202 872 3
202 877 2
202 880 5
202 887 3
202 895 3
202 948 2
203 7 3
203 9 4
203 100 4
203 106 3
203 111 3
203 117 4
203 118 3
203 121 3
203 123 3
203 129 4
203 148 3
203 181 4
203 222 3
203 235 4
203 274 3
203 276 4
203 284 2
203 291 4
203 370 1
203 410 3
203 471 4
203 472 3
203 515 4
203 546 3
203 597 3
203 685 3
203 748 2
203 845 3
203 864 1
203 866 4
203 925 3
203 928 3
204 22 4
204 66 4
204 243 4
204 245 4
204 258 4
204 259 4
204 269 4
204 270 4
204 289 4
204 300 4
204 307 4
204 310 4
204 313 4
204 323 4
204 327 4
204 331 4
204 333 4
204 342 4
204 343 4
204 348 4
204 678 4
204 683 4
204 687 4
204 689 4
204 690 4
204 748 4
204 754 4
204 879 4
204 892 4
204 901 4
205 2 2
205 5 2
205 8 3
205 11 3
205 12 3
205 22 3
205 23 3
205 28 3
205 29 1
205 30 2
205 31 2
205 32 3
205 33 2
205 37 2
205 38 2
205 39 2
205 40 3
205 41 1
205 42 2
205 43 2
205 45 2
205 47 2
205 48 2
205 49 2
205 50 3
205 51 2
205 52 3
205 53 1
205 55 2
205 56 3
205 57 3
205 58 2
205 60 1
205 61 2
205 62 2
205 63 2
205 64 3
205 66 2
205 67 1
205 68 2
205 70 3
205 71 3
205 72 2
205 73 2
205 75 2
205 76 2
205 77 2
205 78 1
205 80 1
205 81 2
205 82 2
205 83 1
205 85 2
205 87 3
205 88 2
205 90 2
205 91 2
205 92 2
205 94 2
205 96 3
205 97 2
205 98 2
205 101 1
205 102 1
205 127 3
205 132 3
205 135 3
205 139 2
205 141 2
205 142 2
205 149 1
205 161 2
205 168 3
205 169 3
205 172 3
205 173 3
205 175 2
205 178 3
205 179 3
205 180 3
205 183 3
205 184 2
205 185 2
205 186 2
205 188 2
205 189 2
205 190 2
205 191 2
205 192 1
205 193 2
205 195 3
205 197 2
205 198 2
205 199 2
205 200 2
205 202 2
205 204 2
205 206 3
205 207 3
205 208 2
205 210 3
205 211 3
205 212 1
205 214 3
205 215 3
205 216 2
205 217 2
205 218 2
205 219 3
205 226 2
205 227 2
205 228 3
205 229 2
205 230 2
205 231 1
205 232 2
205 233 2
205 234 2
205 238 3
205 239 2
205 265 2
205 288 2
205 302 3
205 308 2
205 317 2
205 318 3
205 347 3
205 350 2
205 351 2
205 356 2
205 361 2
205 364 1
205 365 2
205 366 2
205 367 2
205 371 2
205 374 2
205 376 2
205 377 2
205 379 2
205 383 1
205 384 1
205 386 1
205 387 2
205 388 1
205 391 1
205 393 2
205 395 1
205 396 1
205 397 2
205 399 2
205 400 2
205 402 2
205 403 2
205 404 2
205 414 3
205 415 2
205 416 3
205 417 2
205 419 2
205 420 2
205 421 3
205 422 3
205 423 2
205 426 3
205 427 3
205 430 3
205 431 2
205 433 2
205 434 2
205 437 2
205 438 2
205 439 2
205 440 2
205 441 2
205 442 2
205 444 2
205 446 2
205 447 2
205 448 3
205 449 2
205 450 1
205 451 2
205 452 1
205 453 2
205 461 2
205 462 2
205 463 2
205 464 3
205 465 2
205 467 2
205 469 2
205 470 2
205 480 3
205 482 3
205 501 2
205 504 3
205 509 3
205 510 3
205 511 3
205 514 3
205 515 3
205 516 3
205 517 2
205 518 2
205 519 3
205 520 3
205 521 1
205 522 3
205 523 3
205 524 3
205 525 3
205 526 2
205 527 3
205 528 3
205 529 3
205 530 2
205 536 3
205 537 3
205 540 2
205 541 1
205 543 1
205 545 1
205 548 2
205 549 2
205 551 2
205 552 2
205 553 2
205 555 2
205 556 2
205 557 2
205 558 2
205 559 2
205 560 2
205 561 1
205 562 2
205 563 2
205 564 1
205 565 2
205 566 2
205 567 2
205 568 2
205 569 1
205 570 2
205 573 2
205 574 1
205 575 1
205 577 1
205 578 2
205 579 2
205 580 2
205 581 2
205 583 2
205 584 2
205 585 2
205 586 1
205 588 2
205 592 2
205 593 2
205 603 3
205 606 3
205 622 2
205 623 2
205 624 1
205 625 2
205 626 2
205 627 2
205 639 2
205 642 2
205 643 2
205 644 3
205 645 2
205 647 3
205 648 3
205 649 1
205 650 3
205 651 3
205 652 2
205 653 2
205 654 3
205 655 3
205 656 3
205 659 3
205 661 3
205 662 3
205 664 2
205 666 2
205 667 2
205 669 2
205 670 3
205 671 3
205 673 3
205 674 2
205 675 1
205 679 2
205 684 2
205 692 2
205 693 2
205 694 3
205 695 1
205 697 1
205 699 3
205 700 1
205 702 1
205 707 2
205 708 2
205 710 2
205 712 2
205 714 2
205 715 2
205 716 2
205 719 1
205 720 1
205 721 1
205 722 2
205 723 2
205 726 3
205 727 2
205 728 1
205 729 2
205 731 1
205 732 2
205 734 2
205 736 3
205 739 2
205 745 2
205 746 2
205 747 2
205 753 2
205 755 2
205 759 2
205 761 1
205 765 2
205 768 1
205 769 3
205 770 2
205 771 2
205 772 2
205 773 2
205 774 2
205 775 1
205 776 2
205 777 2
205 778 3
205 779 2
205 780 2
205 782 2
205 783 2
205 784 2
205 785 2
205 786 2
205 787 2
205 788 2
205 789 2
205 790 2
205 791 2
205 793 2
205 794 2
205 795 2
205 796 2
205 798 2
205 802 2
205 807 2
205 808 1
205 810 2
205 812 1
205 816 4
205 842 2
205 843 1
205 849 1
205 851 2
205 853 2
205 854 2
205 855 3
205 858 2
205 859 2
205 860 1
205 861 2
205 904 2
205 921 3
205 939 2
205 941 1
205 943 2
205 944 1
205 946 2
205 947 2
205 949 2
205 951 2
205 953 3
205 955 3
205 956 2
205 957 1
205 959 3
205 960 1
205 964 1
205 969 2
205 971 3
205 994 2
205 996 2
205 997 1
205 999 3
206 1 3
206 3 2
206 4 3
206 5 3
206 7 3
206 8 3
206 10 2
206 11 3
206 12 4
206 13 2
206 14 3
206 15 3
206 20 3
206 22 3
206 24 3
206 25 3
206 28 3
206 30 3
206 32 3
206 39 3
206 40 3
206 42 2
206 47 2
206 48 3
206 50 4
206 52 3
206 58 3
206 63 2
206 64 4
206 69 3
206 71 3
206 72 2
206 79 3
206 85 3
206 86 3
206 87 4
206 89 3
206 92 2
206 93 2
206 96 3
206 99 3
206 115 4
206 117 3
206 121 3
206 123 2
206 125 3
206 127 4
206 129 3
206 131 3
206 132 3
206 133 1
206 134 3
206 135 3
206 136 4
206 143 1
206 148 3
206 151 3
206 152 1
206 153 3
206 156 3
206 158 2
206 164 3
206 168 3
206 170 3
206 172 3
206 173 4
206 174 3
206 175 3
206 179 3
206 181 4
206 182 3
206 183 3
206 186 2
206 187 3
206 188 3
206 190 2
206 191 2
206 194 3
206 195 4
206 196 3
206 198 3
206 199 3
206 202 3
206 203 3
206 204 3
206 206 3
206 209 3
206 211 3
206 212 1
206 213 3
206 215 3
206 218 2
206 219 3
206 220 1
206 222 3
206 228 3
206 234 2
206 235 1
206 237 3
206 238 3
206 239 3
206 240 2
206 274 3
206 275 3
206 276 3
206 277 3
206 284 3
206 289 2
206 317 3
206 318 4
206 357 3
206 368 2
206 381 3
206 396 2
206 404 2
206 405 3
206 410 2
206 411 2
206 414 3
206 418 2
206 419 3
206 420 3
206 421 4
206 427 3
206 428 3
206 429 3
206 430 4
206 431 2
206 434 3
206 435 3
206 436 4
206 443 3
206 447 3
206 451 3
206 452 2
206 453 1
206 461 3
206 463 3
206 468 2
206 469 2
206 474 3
206 476 2
206 479 3
206 480 3
206 481 4
206 482 3
206 485 3
206 487 4
206 488 4
206 490 4
206 496 2
206 498 3
206 499 4
206 501 3
206 503 2
206 504 3
206 505 3
206 507 3
206 508 2
206 509 3
206 511 4
206 514 4
206 515 4
206 517 3
206 519 3
206 520 3
206 523 3
206 524 3
206 526 2
206 527 3
206 528 3
206 529 4
206 543 4
206 559 2
206 561 2
206 573 1
206 582 3
206 588 2
206 589 3
206 591 3
206 596 2
206 605 2
206 606 3
206 607 2
206 608 3
206 610 3
206 611 2
206 612 2
206 624 3
206 632 4
206 633 3
206 634 3
206 638 3
206 639 2
206 640 3
206 641 3
206 642 3
206 645 2
206 647 3
206 651 3
206 652 3
206 655 3
206 662 3
206 663 4
206 664 2
206 665 1
206 672 2
206 675 4
206 692 2
206 693 2
206 699 3
206 701 3
206 705 3
206 712 2
206 713 2
206 715 2
206 727 1
206 732 3
206 735 2
206 737 1
206 745 3
206 746 2
206 747 3
206 756 2
206 772 3
206 787 3
206 813 3
206 823 2
206 825 3
206 826 2
206 831 1
206 845 3
206 919 4
206 921 3
206 923 3
206 942 3
206 960 2
206 962 3
207 1 4
207 2 4
207 4 4
207 8 4
207 25 4
207 28 4
207 29 4
207 40 4
207 45 4
207 50 4
207 56 4
207 62 4
207 68 4
207 69 4
207 70 4
207 82 4
207 88 4
207 89 4
207 91 4
207 96 4
207 97 4
207 98 4
207 99 4
207 100 4
207 117 4
207 118 4
207 123 4
207 127 4
207 132 4
207 135 4
207 143 4
207 144 4
207 147 4
207 157 4
207 158 4
207 159 4
207 161 4
207 163 4
207 172 4
207 173 4
207 174 4
207 177 4
207 179 4
207 180 4
207 181 4
207 182 4
207 183 4
207 185 4
207 186 4
207 188 4
207 193 4
207 194 4
207 196 4
207 197 4
207 200 4
207 201 4
207 202 4
207 203 4
207 205 4
207 208 4
207 209 4
207 211 4
207 214 4
207 215 4
207 216 4
207 217 4
207 218 4
207 222 4
207 223 4
207 226 4
207 227 4
207 228 4
207 229 4
207 230 4
207 231 4
207 232 4
207 235 4
207 238 4
207 239 4
207 244 4
207 248 4
207 249 4
207 250 4
207 255 4
207 257 4
207 265 4
207 269 4
207 274 4
207 286 4
207 289 4
207 290 4
207 291 4
207 313 4
207 316 4
207 345 4
207 357 4
207 371 4
207 382 4
207 385 4
207 393 4
207 399 4
207 400 4
207 405 4
207 416 4
207 418 4
207 423 4
207 427 4
207 428 4
207 432 4
207 433 4
207 436 4
207 447 4
207 448 4
207 449 4
207 455 4
207 466 4
207 476 4
207 478 4
207 479 4
207 483 4
207 484 4
207 493 4
207 496 4
207 502 4
207 508 4
207 510 4
207 514 4
207 519 4
207 521 4
207 525 4
207 559 4
207 561 4
207 565 4
207 588 4
207 603 4
207 616 4
207 629 4
207 635 4
207 642 4
207 648 4
207 656 4
207 657 4
207 660 4
207 675 4
207 684 4
207 705 4
207 710 4
207 712 4
207 715 4
207 729 4
207 732 4
207 746 4
207 755 4
207 756 4
207 785 4
207 844 4
207 859 4
207 869 4
207 879 4
207 949 4
207 969 4
207 972 4
207 993 4
208 270 4
208 271 2
208 286 3
208 294 3
208 300 5
208 313 5
208 315 4
208 319 5
208 328 4
208 347 4
208 358 3
208 539 4
208 683 4
208 689 4
208 748 3
209 6 4
209 8 5
209 9 5
209 12 5
209 14 5
209 22 5
209 23 5
209 28 5
209 30 4
209 48 5
209 50 5
209 58 4
209 59 4
209 60 3
209 65 4
209 87 5
209 97 4
209 98 4
209 99 5
209 100 4
209 133 5
209 135 5
209 153 5
209 154 5
209 156 4
209 162 4
209 166 4
209 168 5
209 170 5
209 172 5
209 173 5
209 174 5
209 175 4
209 179 5
209 181 5
209 186 5
209 191 5
209 192 4
209 195 5
209 197 5
209 199 4
209 200 4
209 201 4
209 202 4
209 203 4
209 204 4
209 205 5
209 207 5
209 209 4
209 210 5
209 213 5
209 214 5
209 216 4
209 223 5
209 264 4
209 266 4
209 270 4
209 275 4
209 276 4
209 283 4
209 285 5
209 286 4
209 288 4
209 300 4
209 303 4
209 318 5
209 321 4
209 322 4
209 325 5
209 327 4
209 339 4
209 343 4
209 357 5
209 367 4
209 381 4
209 382 4
209 404 4
209 427 5
209 428 5
209 429 5
209 430 5
209 433 4
209 435 5
209 461 4
209 478 5
209 479 5
209 480 5
209 481 4
209 482 5
209 483 5
209 485 5
209 486 4
209 489 4
209 491 5
209 493 4
209 496 4
209 497 4
209 498 5
209 504 5
209 505 4
209 514 5
209 516 4
209 518 4
209 520 5
209 523 5
209 526 5
209 527 5
209 528 5
209 530 5
209 604 4
209 606 5
209 607 4
209 608 4
209 609 4
209 615 4
209 618 3
209 631 4
209 633 5
209 647 5
209 654 5
209 659 5
209 661 4
209 664 4
209 676 4
209 680 4
209 684 5
209 708 4
209 709 4
209 714 4
209 733 5
209 749 4
209 855 4
209 877 3
209 879 5
209 937 4
209 945 4
209 965 5
209 995 4
210 258 3
210 269 3
210 286 1
210 289 2
210 300 2
210 311 1
210 312 2
210 313 4
210 315 3
210 316 3
210 323 1
210 328 3
210 340 2
210 354 1
210 690 2
210 754 2
210 873 1
210 898 1
210 905 2
211 1 2
211 4 4
211 9 4
211 22 4
211 38 2
211 56 5
211 73 4
211 88 4
211 117 3
211 161 3
211 168 5
211 172 5
211 181 5
211 186 5
211 195 5
211 196 5
211 208 5
211 209 5
211 210 4
211 222 4
211 227 3
211 228 4
211 229 3
211 230 4
211 258 3
211 265 4
211 276 5
211 318 5
211 405 3
211 435 5
211 449 3
211 451 5
211 485 2
211 527 5
211 566 4
211 568 5
211 651 5
211 655 5
211 709 5
211 720 2
211 732 3
211 770 4
212 4 4
212 7 4
212 23 4
212 24 4
212 28 4
212 56 4
212 64 4
212 70 4
212 81 4
212 92 4
212 96 4
212 150 4
212 154 4
212 172 4
212 173 4
212 175 4
212 182 4
212 186 4
212 193 4
212 206 4
212 211 4
212 218 4
212 276 4
212 288 4
212 318 4
212 340 4
212 408 4
212 427 4
212 436 4
212 480 4
212 487 4
212 508 4
212 526 4
212 634 4
212 651 4
212 684 4
212 724 4
213 7 4
213 9 4
213 15 3
213 50 5
213 124 4
213 181 5
213 222 4
213 236 2
213 245 3
213 255 4
213 257 4
213 258 4
213 260 4
213 269 5
213 271 3
213 275 2
213 286 3
213 297 3
213 300 3
213 301 4
213 302 4
213 303 3
213 306 4
213 326 3
213 328 4
213 332 3
213 471 4
213 508 4
213 628 4
213 690 4
213 877 2
213 936 4
214 100 4
214 258 5
214 260 2
214 294 3
214 300 4
214 301 3
214 302 4
214 325 5
214 340 4
214 343 4
214 678 3
214 748 3
215 56 5
215 185 5
215 195 5
215 243 4
215 269 4
215 322 3
215 323 4
215 328 4
215 432 4
215 531 5
215 748 3
215 754 4
216 1 2
216 2 2
216 7 4
216 8 5
216 9 4
216 10 4
216 11 5
216 12 5
216 13 5
216 14 5
216 21 2
216 22 4
216 24 5
216 25 4
216 27 4
216 28 4
216 29 4
216 31 4
216 32 4
216 36 4
216 38 2
216 41 4
216 42 5
216 43 2
216 44 4
216 49 3
216 50 5
216 51 5
216 53 5
216 54 4
216 55 5
216 56 5
216 58 4
216 64 5
216 65 4
216 66 4
216 67 2
216 69 5
216 70 3
216 71 3
216 73 5
216 77 4
216 81 4
216 82 5
216 83 4
216 85 4
216 86 3
216 87 4
216 88 4
216 90 2
216 92 5
216 93 5
216 94 5
216 97 5
216 98 5
216 99 4
216 105 3
216 106 4
216 107 4
216 117 4
216 121 4
216 123 3
216 125 3
216 126 5
216 127 5
216 132 5
216 133 3
216 134 5
216 136 3
216 137 5
216 140 1
216 142 1
216 143 4
216 144 4
216 148 3
216 154 4
216 155 2
216 156 4
216 157 4
216 158 4
216 159 3
216 161 3
216 168 5
216 172 5
216 174 5
216 176 5
216 178 5
216 181 5
216 182 4
216 183 5
216 185 5
216 187 5
216 191 4
216 194 3
216 195 5
216 196 5
216 197 5
216 199 4
216 200 5
216 202 4
216 203 4
216 204 5
216 209 5
216 210 4
216 211 5
216 213 4
216 215 5
216 216 4
216 217 4
216 219 2
216 220 2
216 225 4
216 226 4
216 230 4
216 234 5
216 237 3
216 238 5
216 239 3
216 240 2
216 241 4
216 242 4
216 245 3
216 246 4
216 248 4
216 249 4
216 250 4
216 251 5
216 252 4
216 253 4
216 254 4
216 257 4
216 258 3
216 259 4
216 264 4
216 266 4
216 268 5
216 272 5
216 274 1
216 275 3
216 276 5
216 277 4
216 281 4
216 283 4
216 284 2
216 285 5
216 286 3
216 287 5
216 288 5
216 289 4
216 294 3
216 295 4
216 297 4
216 298 4
216 301 4
216 304 4
216 307 3
216 312 4
216 313 5
216 315 5
216 316 5
216 317 4
216 318 5
216 319 4
216 322 4
216 323 4
216 326 3
216 327 3
216 328 4
216 329 4
216 331 4
216 332 3
216 333 4
216 338 3
216 339 4
216 346 5
216 347 4
216 348 4
216 354 4
216 356 4
216 357 5
216 364 4
216 366 4
216 367 4
216 369 2
216 375 4
216 378 4
216 385 4
216 388 4
216 393 2
216 395 3
216 396 5
216 399 4
216 401 3
216 402 4
216 403 5
216 404 3
216 405 3
216 411 3
216 412 3
216 417 3
216 418 2
216 419 2
216 423 5
216 425 4
216 427 5
216 431 4
216 432 4
216 433 5
216 443 5
216 448 4
216 451 5
216 452 4
216 462 5
216 463 5
216 468 3
216 469 4
216 471 5
216 472 3
216 473 3
216 475 4
216 476 2
216 479 5
216 480 5
216 496 4
216 498 5
216 500 4
216 501 1
216 506 5
216 509 4
216 515 5
216 526 4
216 531 4
216 532 4
216 538 4
216 546 3
216 549 4
216 553 4
216 554 2
216 559 5
216 560 1
216 564 2
216 568 5
216 576 4
216 578 4
216 585 4
216 588 2
216 591 4
216 592 4
216 607 4
216 614 4
216 619 4
216 625 3
216 627 3
216 628 5
216 633 3
216 651 5
216 652 5
216 657 4
216 658 4
216 660 4
216 662 3
216 676 4
216 678 2
216 682 3
216 684 3
216 685 3
216 686 4
216 689 4
216 690 4
216 693 5
216 696 4
216 699 4
216 707 3
216 708 4
216 710 3
216 712 4
216 713 5
216 717 2
216 720 2
216 721 3
216 723 3
216 724 5
216 729 4
216 734 4
216 735 5
216 737 2
216 738 4
216 739 4
216 746 5
216 747 4
216 748 3
216 750 5
216 754 4
216 755 4
216 761 4
216 762 4
216 768 1
216 770 4
216 775 4
216 778 4
216 781 4
216 783 4
216 785 4
216 790 4
216 792 4
216 794 4
216 795 4
216 803 4
216 807 4
216 812 4
216 815 3
216 819 4
216 821 2
216 824 4
216 827 3
216 833 4
216 834 2
216 840 2
216 842 4
216 843 4
216 845 5
216 849 4
216 864 1
216 866 3
216 873 2
216 874 4
216 879 4
216 895 3
216 915 4
216 916 4
216 917 4
216 918 4
216 928 4
216 929 4
216 931 2
216 934 2
216 936 4
216 937 4
216 938 4
216 941 4
216 955 4
216 959 4
216 966 4
216 972 4
216 975 4
216 980 4
216 985 4
216 990 4
216 997 2
217 1 1
217 3 3
217 5 3
217 7 3
217 11 4
217 12 4
217 13 4
217 15 4
217 16 3
217 17 3
217 20 4
217 23 4
217 27 3
217 29 3
217 32 3
217 39 3
217 42 5
217 44 3
217 47 4
217 50 4
217 51 4
217 55 4
217 56 4
217 58 3
217 62 2
217 63 3
217 64 4
217 65 3
217 67 2
217 68 2
217 69 4
217 70 2
217 72 3
217 73 4
217 77 3
217 78 3
217 79 4
217 80 2
217 81 4
217 82 4
217 83 3
217 89 4
217 91 5
217 95 1
217 96 4
217 97 4
217 98 4
217 99 3
217 100 4
217 101 4
217 106 3
217 109 3
217 118 4
217 120 2
217 122 2
217 123 2
217 125 2
217 127 4
217 131 3
217 132 4
217 135 4
217 139 4
217 142 1
217 144 4
217 145 2
217 147 4
217 154 3
217 157 3
217 159 3
217 162 4
217 164 4
217 167 3
217 168 4
217 169 3
217 171 5
217 172 4
217 173 4
217 174 4
217 176 4
217 178 5
217 179 4
217 181 4
217 182 4
217 183 4
217 184 3
217 186 4
217 190 4
217 195 4
217 196 4
217 198 4
217 200 4
217 201 3
217 202 3
217 206 3
217 207 5
217 208 4
217 214 3
217 216 3
217 217 3
217 218 4
217 219 3
217 222 4
217 223 3
217 226 3
217 228 3
217 232 2
217 234 4
217 235 1
217 242 5
217 245 2
217 246 4
217 248 3
217 250 3
217 252 3
217 255 3
217 257 5
217 258 2
217 260 4
217 264 4
217 265 3
217 270 3
217 273 5
217 286 2
217 288 4
217 290 2
217 293 5
217 294 3
217 298 3
217 323 3
217 324 4
217 325 3
217 326 2
217 340 5
217 357 4
217 358 2
217 364 3
217 367 3
217 373 3
217 380 3
217 382 3
217 385 3
217 386 5
217 388 3
217 391 2
217 392 3
217 393 1
217 395 3
217 396 5
217 399 3
217 402 3
217 403 4
217 404 2
217 413 2
217 419 1
217 420 5
217 421 4
217 422 2
217 423 4
217 425 3
217 428 4
217 431 3
217 433 4
217 436 4
217 441 3
217 444 3
217 447 4
217 449 3
217 451 4
217 452 3
217 461 3
217 465 1
217 472 2
217 474 4
217 475 3
217 483 4
217 484 3
217 485 1
217 498 4
217 501 1
217 508 4
217 513 3
217 518 5
217 541 3
217 544 3
217 545 3
217 546 2
217 551 3
217 552 5
217 555 3
217 559 4
217 561 3
217 562 3
217 563 3
217 574 2
217 578 3
217 579 3
217 582 3
217 596 3
217 597 1
217 614 3
217 616 4
217 625 2
217 628 4
217 631 3
217 636 3
217 638 3
217 640 4
217 642 4
217 655 4
217 658 3
217 665 4
217 668 3
217 669 3
217 674 3
217 679 3
217 684 2
217 685 3
217 692 2
217 708 3
217 709 4
217 710 2
217 715 4
217 723 2
217 725 3
217 727 2
217 728 2
217 732 2
217 742 2
217 746 4
217 747 3
217 748 2
217 758 2
217 762 3
217 764 3
217 765 3
217 767 2
217 769 3
217 774 1
217 778 5
217 781 3
217 783 3
217 792 3
217 796 3
217 797 3
217 800 2
217 804 3
217 809 3
217 810 3
217 815 3
217 825 3
217 827 3
217 831 1
217 849 3
217 855 3
217 871 1
217 895 3
217 923 3
217 928 3
217 940 3
217 943 3
217 944 2
217 946 3
217 963 4
217 979 3
217 999 3
217 1000 3
218 258 3
218 269 4
218 288 3
218 301 2
218 302 3
218 313 4
218 327 2
218 328 3
218 331 3
218 362 3
218 750 4
218 895 2
218 899 3
219 50 5
219 79 5
219 89 5
219 100 5
219 173 5
219 181 5
219 223 5
219 257 5
219 275 5
219 286 5
219 405 5
219 478 5
219 488 5
219 615 5
219 617 5
219 705 5
220 19 3
220 86 3
220 100 5
220 116 4
220 137 5
220 251 3
220 275 3
220 283 4
220 302 5
220 319 5
220 331 3
220 408 4
220 475 4
220 478 4
220 508 5
220 513 4
220 603 5
220 750 5
220 753 4
221 4 5
221 7 5
221 11 4
221 12 5
221 50 5
221 56 5
221 82 5
221 87 5
221 89 5
221 96 5
221 100 5
221 117 4
221 124 5
221 127 5
221 129 4
221 144 4
221 156 4
221 164 4
221 172 5
221 174 5
221 175 4
221 176 5
221 182 5
221 183 5
221 185 5
221 194 5
221 200 4
221 213 5
221 218 4
221 219 4
221 238 5
221 302 4
221 333 4
221 443 5
221 448 4
221 466 5
221 516 4
221 517 3
221 653 4
221 657 5
221 672 1
221 709 5
221 879 5
221 914 3
221 915 4
222 1 4
222 15 3
222 50 4
222 53 2
222 98 4
222 100 5
222 109 5
222 117 4
222 124 4
222 126 3
222 127 5
222 129 3
222 137 3
222 151 2
222 181 4
222 184 2
222 200 2
222 201 2
222 217 3
222 219 3
222 222 4
222 235 2
222 250 4
222 257 5
222 258 3
222 260 1
222 270 2
222 273 3
222 276 4
222 286 3
222 287 3
222 288 3
222 293 4
222 294 3
222 299 3
222 307 4
222 324 3
222 326 4
222 327 2
222 334 3
222 370 1
222 379 3
222 396 5
222 410 2
222 436 5
222 447 3
222 448 2
222 452 2
222 458 3
222 475 4
222 477 2
222 515 4
222 551 3
222 558 3
222 559 3
222 561 3
222 590 3
222 665 3
222 670 3
222 671 3
222 672 3
222 682 3
222 742 3
222 760 3
222 854 3
222 867 3
222 919 3
222 922 3
222 926 3
223 9 3
223 15 4
223 127 4
223 148 2
223 237 2
223 245 3
223 258 2
223 269 5
223 272 5
223 276 4
223 282 4
223 286 2
223 299 3
223 300 4
223 304 3
223 307 3
223 310 4
223 313 4
223 315 4
223 322 3
223 323 3
223 326 3
223 327 3
223 328 3
223 329 3
223 333 3
223 340 3
223 344 4
223 347 3
223 355 3
223 471 4
223 546 2
223 591 3
223 628 5
223 678 2
223 689 3
223 696 4
223 744 2
223 748 3
223 750 5
223 754 3
223 823 4
223 879 4
223 898 2
223 924 4
223 977 3
224 1 5
224 14 5
224 15 4
224 25 3
224 50 5
224 100 5
224 115 4
224 127 4
224 151 4
224 172 5
224 243 3
224 261 2
224 275 3
224 288 4
224 289 3
224 310 4
224 323 4
224 333 4
224 427 5
224 508 5
224 538 2
224 681 4
224 683 4
224 689 3
224 882 4
225 1 3
225 2 3
225 7 3
225 17 3
225 22 3
225 24 2
225 32 2
225 38 3
225 39 2
225 53 2
225 55 3
225 62 3
225 68 2
225 79 4
225 82 3
225 83 3
225 98 3
225 100 4
225 117 3
225 118 3
225 121 3
225 124 3
225 127 3
225 144 3
225 147 3
225 156 2
225 168 3
225 171 4
225 172 4
225 174 4
225 176 4
225 177 4
225 178 3
225 180 2
225 183 3
225 185 3
225 187 4
225 188 3
225 191 3
225 195 3
225 198 3
225 200 2
225 201 1
225 204 3
225 207 4
225 209 4
225 210 4
225 218 3
225 222 3
225 227 3
225 229 3
225 230 3
225 231 1
225 232 2
225 234 3
225 241 3
225 244 1
225 250 3
225 252 3
225 257 4
225 259 1
225 271 2
225 272 3
225 273 2
225 281 3
225 286 2
225 288 3
225 298 2
225 302 3
225 305 3
225 307 3
225 310 3
225 313 4
225 316 3
225 318 3
225 322 2
225 323 2
225 324 4
225 325 3
225 327 2
225 333 3
225 338 2
225 340 2
225 343 2
225 346 3
225 355 2
225 357 3
225 358 2
225 362 3
225 363 2
225 379 2
225 385 3
225 398 2
225 424 1
225 429 3
225 445 3
225 447 3
225 448 2
225 452 2
225 474 3
225 475 2
225 491 4
225 515 3
225 520 4
225 522 3
225 529 3
225 538 2
225 540 2
225 550 3
225 562 3
225 566 3
225 568 3
225 573 1
225 576 2
225 583 4
225 590 1
225 597 2
225 636 3
225 669 1
225 670 3
225 675 3
225 678 2
225 679 2
225 686 3
225 690 2
225 748 2
225 750 4
225 751 3
225 759 2
225 823 3
225 825 3
225 831 2
225 841 2
225 853 3
225 877 1
225 879 3
225 895 2
225 912 1
225 943 3
225 976 1
226 23 5
226 50 5
226 98 5
226 99 4
226 133 4
226 134 5
226 135 4
226 168 5
226 174 5
226 178 4
226 182 5
226 185 5
226 191 5
226 196 5
226 197 4
226 199 5
226 200 4
226 204 5
226 208 5
226 211 4
226 318 5
226 418 4
226 427 4
226 428 5
226 430 5
226 432 3
226 435 4
226 474 4
226 478 4
226 480 4
226 483 5
226 486 4
226 488 4
226 490 4
226 491 4
226 492 4
226 493 4
226 494 4
226 504 4
226 505 4
226 510 4
226 511 4
226 524 4
226 525 4
226 526 4
226 601 4
226 603 4
226 605 4
226 606 4
226 607 4
226 608 4
226 610 4
226 613 4
226 614 4
226 616 4
226 631 4
226 633 4
226 646 4
226 648 4
226 651 5
226 653 4
226 654 4
226 655 4
226 657 4
226 673 5
226 705 4
226 754 4
226 835 4
226 836 4
226 848 4
227 245 5
227 258 5
227 263 5
227 286 5
227 292 5
227 300 5
227 302 5
227 303 5
227 304 5
227 319 5
227 332 5
227 341 5
227 359 5
227 680 5
227 681 5
227 682 5
227 688 5
227 874 5
228 243 1
228 259 1
228 268 5
228 271 2
228 272 3
228 286 1
228 289 4
228 294 4
228 300 4
228 301 2
228 305 4
228 307 3
228 312 4
228 313 4
228 322 3
228 323 3
228 326 3
228 329 4
228 332 2
228 334 4
228 338 4
228 344 4
228 350 4
228 538 3
228 690 3
228 750 5
228 875 4
228 877 4
228 879 4
228 886 4
228 896 4
228 908 4
228 988 1
229 1 4
229 2 1
229 3 1
229 4 3
229 7 4
229 8 3
229 12 3
229 15 3
229 21 3
229 22 3
229 23 3
229 24 2
229 26 2
229 28 3
229 31 3
229 32 1
229 45 3
229 47 3
229 48 3
229 50 3
229 52 3
229 53 3
229 55 3
229 56 3
229 58 2
229 62 3
229 63 2
229 64 4
229 66 3
229 68 3
229 69 4
229 70 3
229 72 1
229 73 3
229 77 3
229 79 3
229 81 3
229 82 2
229 83 4
229 85 3
229 86 3
229 87 3
229 88 3
229 89 2
229 90 1
229 91 4
229 92 3
229 93 3
229 95 2
229 96 3
229 97 3
229 101 1
229 109 3
229 114 3
229 117 3
229 118 3
229 123 3
229 124 3
229 127 3
229 128 2
229 132 2
229 133 2
229 134 3
229 137 2
229 140 2
229 141 3
229 143 3
229 144 4
229 150 3
229 151 3
229 153 4
229 154 3
229 157 3
229 159 3
229 161 2
229 162 3
229 163 3
229 164 3
229 165 3
229 166 3
229 168 3
229 170 4
229 172 3
229 174 4
229 178 4
229 179 2
229 181 3
229 183 4
229 184 3
229 185 2
229 186 4
229 188 2
229 190 3
229 191 4
229 193 2
229 195 4
229 197 3
229 201 3
229 202 3
229 203 2
229 207 4
229 208 3
229 209 3
229 210 4
229 211 2
229 214 3
229 216 4
229 218 3
229 219 3
229 223 3
229 225 3
229 229 2
229 232 3
229 233 3
229 237 1
229 238 3
229 248 3
229 249 3
229 250 3
229 258 3
229 264 3
229 265 2
229 273 3
229 274 3
229 275 2
229 276 3
229 277 3
229 280 3
229 281 3
229 282 3
229 283 3
229 288 3
229 290 2
229 291 3
229 298 3
229 301 3
229 318 3
229 319 3
229 321 3
229 340 3
229 356 3
229 365 3
229 366 3
229 367 3
229 371 1
229 378 3
229 385 3
229 387 3
229 392 3
229 393 4
229 403 1
229 404 4
229 405 2
229 410 3
229 411 3
229 415 2
229 418 3
229 419 3
229 423 4
229 427 3
229 428 3
229 431 3
229 432 2
229 433 3
229 435 3
229 436 4
229 441 3
229 448 2
229 455 3
229 457 3
229 464 3
229 466 3
229 467 3
229 468 3
229 470 3
229 473 3
229 475 3
229 480 3
229 481 3
229 482 3
229 483 2
229 484 3
229 485 4
229 491 3
229 493 3
229 495 3
229 496 3
229 499 3
229 500 3
229 502 3
229 504 3
229 505 2
229 508 3
229 511 3
229 514 1
229 520 3
229 527 3
229 531 3
229 535 3
229 537 3
229 546 1
229 549 3
229 550 3
229 566 3
229 568 3
229 569 3
229 570 3
229 578 3
229 581 3
229 584 3
229 591 4
229 602 3
229 603 3
229 611 3
229 625 3
229 627 3
229 628 3
229 629 3
229 631 3
229 633 3
229 635 3
229 636 1
229 640 2
229 642 3
229 652 3
229 654 3
229 655 3
229 658 3
229 662 3
229 665 1
229 671 3
229 672 3
229 673 3
229 679 3
229 684 3
229 692 3
229 693 3
229 700 3
229 702 3
229 705 4
229 708 1
229 709 3
229 710 3
229 726 3
229 729 3
229 732 3
229 735 3
229 742 3
229 744 3
229 747 4
229 755 3
229 756 3
229 761 3
229 762 3
229 763 3
229 768 1
229 780 3
229 794 3
229 804 3
229 805 3
229 806 3
229 820 3
229 826 3
229 833 3
229 845 3
229 847 3
229 921 3
229 928 3
229 941 3
229 944 3
229 961 3
229 967 3
229 972 3
230 9 3
230 10 3
230 12 4
230 19 3
230 42 4
230 50 4
230 56 4
230 98 4
230 100 4
230 101 4
230 117 3
230 129 3
230 137 4
230 152 5
230 164 4
230 165 3
230 181 4
230 221 3
230 222 4
230 234 4
230 237 2
230 248 3
230 253 5
230 258 2
230 264 4
230 273 4
230 276 4
230 286 2
230 288 4
230 293 4
230 294 3
230 300 4
230 302 4
230 318 4
230 328 3
230 436 4
230 514 4
230 515 5
230 527 4
230 528 3
230 547 2
230 628 4
230 674 4
231 286 2
231 307 3
231 322 3
231 323 3
231 327 4
231 358 3
231 538 2
231 690 4
231 748 3
231 879 5
231 988 1
232 1 4
232 7 3
232 24 2
232 50 4
232 93 2
232 100 5
232 108 3
232 109 5
232 111 3
232 117 4
232 118 3
232 121 4
232 123 3
232 151 3
232 181 5
232 222 4
232 246 3
232 248 4
232 249 2
232 250 4
232 257 5
232 258 4
232 274 3
232 276 4
232 284 4
232 294 3
232 295 3
232 300 3
232 315 4
232 322 3
232 405 3
232 410 3
232 411 3
232 471 3
232 508 4
232 546 3
232 620 3
232 628 3
232 678 2
232 742 4
232 763 3
232 815 3
232 844 3
232 845 4
233 59 4
233 60 5
233 95 4
233 173 4
233 174 4
233 194 4
233 246 3
233 268 3
233 269 4
233 273 3
233 276 4
233 293 4
233 302 3
233 303 3
233 322 3
233 323 3
233 326 4
233 333 4
233 340 3
233 435 4
233 474 4
233 507 1
233 657 4
233 682 3
233 690 3
233 748 3
233 754 4
233 919 3
234 9 4
234 111 3
234 121 3
234 125 4
234 147 4
234 148 4
234 151 3
234 225 3
234 274 4
234 275 4
234 283 4
234 287 3
234 288 3
234 347 4
234 369 2
234 406 2
234 471 3
234 476 2
234 546 3
234 628 4
234 756 3
234 763 4
234 815 3
234 819 2
234 833 3
234 844 3
234 928 2
234 975 2
235 1 1
235 3 3
235 4 3
235 5 3
235 7 3
235 9 3
235 11 4
235 12 4
235 15 4
235 21 2
235 22 3
235 23 4
235 24 3
235 25 3
235 27 3
235 28 4
235 31 4
235 38 3
235 40 2
235 42 5
235 45 4
235 49 3
235 50 4
235 52 3
235 54 3
235 62 3
235 63 3
235 64 4
235 67 3
235 68 2
235 69 4
235 71 2
235 72 3
235 73 4
235 80 2
235 82 4
235 83 3
235 85 4
235 86 1
235 89 4
235 95 1
235 96 4
235 100 4
235 105 2
235 108 3
235 109 3
235 111 3
235 115 3
235 117 3
235 118 4
235 121 3
235 122 3
235 123 2
235 125 2
235 128 3
235 132 4
235 135 4
235 136 2
235 141 3
235 148 2
235 151 4
235 152 5
235 153 4
235 154 4
235 156 4
235 157 3
235 159 3
235 160 4
235 161 2
235 162 3
235 163 3
235 164 4
235 167 3
235 168 4
235 171 5
235 172 4
235 173 4
235 174 4
235 175 3
235 176 4
235 182 3
235 183 4
235 184 3
235 185 4
235 186 4
235 187 4
235 188 3
235 190 4
235 191 3
235 195 4
235 196 4
235 199 3
235 200 4
235 204 4
235 206 3
235 211 4
235 214 3
235 215 4
235 216 3
235 217 3
235 218 4
235 219 2
235 222 4
235 225 4
235 226 3
235 227 2
235 228 3
235 229 2
235 230 3
235 234 4
235 239 3
235 240 1
235 245 3
235 246 3
235 250 2
235 252 4
235 254 3
235 255 3
235 257 4
235 258 2
235 260 3
235 264 4
235 273 4
235 284 1
235 290 2
235 291 5
235 294 3
235 299 3
235 300 4
235 307 3
235 313 4
235 317 5
235 318 4
235 321 3
235 327 4
235 331 3
235 338 2
235 343 2
235 351 1
235 354 3
235 357 4
235 358 3
235 367 3
235 369 1
235 376 3
235 380 3
235 381 4
235 382 3
235 384 3
235 385 3
235 386 4
235 392 3
235 393 1
235 394 2
235 399 2
235 402 3
235 403 4
235 404 2
235 410 2
235 411 3
235 413 2
235 423 4
235 424 2
235 431 3
235 433 4
235 434 4
235 435 4
235 436 4
235 443 4
235 447 4
235 448 3
235 451 4
235 455 3
235 462 4
235 465 1
235 470 2
235 473 2
235 474 4
235 476 1
235 520 4
235 541 3
235 542 3
235 546 2
235 550 4
235 554 3
235 561 3
235 566 3
235 567 1
235 568 4
235 569 3
235 571 3
235 572 2
235 573 1
235 576 3
235 577 3
235 578 3
235 584 3
235 587 3
235 588 1
235 597 1
235 616 4
235 625 2
235 628 5
235 631 2
235 637 2
235 640 4
235 649 3
235 652 2
235 655 4
235 659 2
235 665 3
235 672 4
235 673 4
235 675 4
235 679 3
235 684 2
235 693 3
235 696 4
235 697 3
235 710 2
235 713 4
235 715 4
235 717 1
235 720 3
235 729 3
235 732 2
235 743 2
235 746 4
235 748 2
235 751 4
235 752 1
235 756 1
235 760 1
235 762 3
235 780 3
235 781 3
235 786 3
235 790 3
235 792 3
235 797 5
235 800 3
235 820 3
235 821 2
235 825 3
235 826 3
235 831 3
235 834 3
235 841 3
235 845 4
235 862 2
235 885 3
235 890 1
235 895 3
235 924 5
235 926 1
235 928 3
235 929 3
235 943 3
235 944 4
235 961 4
235 977 3
235 983 4
236 21 3
236 23 5
236 26 3
236 38 2
236 39 4
236 43 2
236 47 5
236 65 4
236 66 4
236 72 3
236 73 5
236 83 4
236 90 2
236 92 5
236 95 2
236 96 5
236 98 5
236 102 2
236 111 4
236 125 3
236 132 5
236 133 3
236 157 4
236 159 3
236 161 3
236 168 5
236 172 5
236 174 5
236 179 5
236 186 5
236 200 5
236 204 5
236 215 5
236 216 4
236 217 4
236 218 5
236 219 2
236 226 4
236 238 5
236 265 4
236 276 5
236 287 5
236 288 5
236 313 5
236 325 4
236 327 5
236 340 5
236 347 4
236 367 4
236 381 5
236 392 4
236 400 4
236 411 5
236 433 5
236 447 5
236 454 4
236 503 4
236 504 5
236 506 5
236 537 4
236 546 3
236 553 4
236 559 5
236 568 5
236 581 5
236 585 4
236 595 3
236 628 5
236 642 5
236 649 4
236 655 5
236 658 4
236 660 4
236 708 4
236 710 3
236 715 5
236 721 3
236 723 3
236 739 4
236 742 3
236 746 5
236 748 3
236 761 4
236 762 4
236 785 4
236 787 2
236 790 4
236 794 4
236 821 2
236 845 5
236 895 4
236 974 3
237 5 4
237 11 4
237 12 4
237 14 4
237 28 4
237 30 3
237 42 5
237 47 3
237 50 4
237 56 3
237 58 4
237 65 4
237 69 3
237 70 4
237 77 3
237 79 4
237 82 4
237 83 4
237 86 3
237 87 3
237 88 3
237 89 4
237 90 3
237 91 3
237 95 4
237 97 4
237 98 4
237 99 4
237 111 3
237 116 3
237 118 3
237 124 4
237 131 4
237 132 4
237 133 4
237 134 3
237 137 3
237 143 4
237 144 3
237 145 1
237 151 3
237 154 4
237 155 3
237 161 3
237 162 3
237 166 3
237 168 4
237 170 4
237 173 4
237 174 4
237 176 3
237 179 3
237 180 3
237 181 4
237 183 4
237 185 4
237 186 4
237 190 4
237 191 4
237 195 4
237 197 3
237 204 4
237 207 5
237 208 4
237 211 4
237 212 3
237 213 4
237 214 2
237 216 3
237 217 4
237 218 3
237 219 3
237 229 3
237 234 3
237 237 3
237 238 4
237 239 3
237 244 1
237 253 3
237 254 2
237 265 4
237 275 4
237 276 3
237 281 3
237 283 3
237 286 3
237 287 3
237 288 3
237 292 3
237 301 3
237 318 4
237 378 3
237 381 3
237 393 3
237 402 3
237 404 4
237 412 2
237 415 2
237 418 3
237 419 3
237 421 3
237 423 4
237 428 5
237 432 4
237 433 4
237 435 4
237 436 5
237 447 3
237 450 1
237 451 3
237 463 4
237 466 4
237 473 3
237 478 4
237 480 4
237 482 3
237 483 4
237 484 4
237 485 4
237 496 4
237 497 3
237 499 3
237 501 3
237 507 4
237 512 4
237 514 2
237 517 2
237 518 4
237 521 4
237 523 4
237 559 3
237 566 3
237 581 4
237 582 3
237 583 3
237 584 3
237 588 4
237 603 4
237 607 3
237 614 3
237 629 3
237 640 3
237 642 3
237 651 4
237 652 2
237 654 3
237 655 4
237 657 4
237 660 3
237 663 3
237 665 3
237 672 3
237 674 3
237 683 4
237 684 3
237 692 3
237 696 3
237 697 3
237 698 3
237 699 3
237 702 2
237 705 3
237 707 3
237 708 3
237 709 3
237 710 3
237 727 4
237 730 3
237 732 3
237 736 4
237 737 3
237 739 3
237 746 3
237 747 4
237 748 2
237 753 3
237 755 4
237 770 3
237 778 3
237 781 3
237 794 3
237 812 3
237 842 3
237 843 4
237 946 3
237 955 4
237 969 4
238 15 2
238 21 2
238 100 5
238 118 3
238 121 4
238 181 5
238 220 4
238 237 4
238 245 3
238 255 4
238 269 4
238 280 4
238 286 4
238 321 4
238 471 5
238 476 4
238 815 3
238 866 3
239 7 3
239 13 4
239 14 4
239 100 4
239 121 3
239 147 4
239 237 2
239 240 1
239 242 4
239 246 4
239 257 4
239 273 4
239 276 4
239 282 4
239 285 4
239 288 4
239 301 4
239 405 2
239 475 4
239 591 3
239 895 3
240 70 3
240 171 4
240 198 3
240 242 3
240 243 2
240 271 2
240 272 4
240 283 3
240 300 3
240 310 3
240 312 3
240 313 4
240 328 2
240 329 3
240 340 3
240 350 3
240 512 3
240 515 4
240 582 3
240 690 3
240 736 3
240 749 3
240 750 3
240 751 4
240 886 4
240 904 3
240 921 4
240 937 2
241 1 4
241 7 4
241 9 4
241 15 4
241 25 4
241 121 4
241 259 4
241 288 4
241 294 4
241 683 4
242 7 2
242 11 2
242 12 4
242 14 3
242 17 1
242 22 3
242 26 2
242 27 2
242 29 2
242 31 3
242 33 2
242 38 2
242 39 1
242 41 3
242 42 3
242 44 3
242 53 1
242 54 3
242 55 2
242 56 2
242 62 3
242 64 3
242 67 2
242 68 1
242 79 3
242 82 3
242 98 3
242 100 3
242 117 3
242 129 3
242 144 3
242 150 4
242 154 3
242 156 2
242 159 2
242 161 3
242 168 3
242 174 4
242 176 3
242 177 3
242 182 2
242 184 1
242 186 3
242 195 3
242 203 2
242 204 3
242 209 3
242 210 3
242 219 1
242 226 2
242 228 3
242 229 2
242 230 3
242 231 1
242 234 3
242 240 1
242 273 2
242 276 3
242 281 2
242 286 2
242 288 3
242 294 2
242 318 3
242 342 2
242 350 1
242 367 2
242 385 3
242 401 1
242 403 2
242 410 2
242 436 2
242 449 2
242 452 2
242 482 4
242 508 2
242 546 2
242 554 2
242 559 1
242 569 2
242 572 1
242 576 2
242 578 2
242 591 3
242 628 2
242 635 1
242 636 2
242 672 1
242 684 3
242 685 3
242 695 2
242 710 2
242 746 2
242 769 2
242 780 2
242 800 1
242 810 1
242 834 1
242 873 1
242 943 2
242 975 2
243 12 5
243 271 3
243 309 4
243 313 5
243 340 3
243 343 4
243 358 5
243 644 4
243 678 3
243 687 2
244 9 4
244 50 5
244 100 5
244 245 3
244 251 4
244 258 3
244 275 3
244 748 3
244 751 4
244 906 4
244 912 4
244 916 4
245 7 1
245 9 2
245 23 2
245 28 2
245 50 2
245 55 2
245 64 2
245 79 2
245 87 2
245 100 2
245 117 2
245 118 1
245 121 2
245 123 1
245 127 2
245 144 1
245 147 2
245 150 1
245 174 2
245 181 2
245 195 2
245 203 1
245 204 1
245 208 1
245 209 2
245 221 1
245 235 1
245 237 2
245 245 1
245 246 2
245 248 2
245 273 2
245 276 2
245 291 1
245 293 2
245 295 2
245 310 1
245 313 2
245 324 2
245 325 1
245 330 1
245 333 1
245 340 1
245 346 1
245 405 2
245 408 2
245 410 1
245 460 1
245 475 1
245 479 2
245 480 2
245 504 2
245 544 1
245 591 1
245 595 1
245 597 1
245 603 2
245 628 2
245 644 2
245 689 1
245 742 2
245 744 2
245 748 1
245 762 1
245 763 2
245 818 1
245 823 1
245 829 1
245 831 1
245 840 1
245 844 1
245 845 2
245 881 1
245 886 2
245 895 1
245 908 1
245 919 2
245 959 2
245 979 1
246 268 3
246 269 3
246 270 3
246 288 2
246 292 4
246 294 2
246 301 2
246 302 3
246 303 2
246 326 3
246 327 2
246 328 2
246 332 2
246 334 1
246 359 2
246 688 1
246 690 2
246 754 3
246 883 2
246 887 4
246 888 1
247 1 5
247 5 2
247 7 4
247 9 5
247 11 4
247 17 3
247 27 3
247 28 5
247 31 4
247 55 4
247 56 5
247 65 4
247 68 3
247 69 4
247 70 4
247 89 5
247 91 3
247 96 4
247 98 4
247 100 5
247 111 4
247 117 4
247 123 4
247 135 5
247 144 4
247 147 4
247 148 4
247 150 4
247 151 5
247 153 5
247 156 4
247 157 5
247 158 4
247 174 5
247 176 5
247 180 5
247 183 5
247 204 5
247 206 5
247 209 4
247 218 4
247 222 4
247 227 4
247 231 3
247 233 5
247 234 5
247 248 4
247 252 3
247 260 2
247 281 4
247 284 3
247 286 4
247 288 4
247 290 3
247 293 5
247 298 3
247 300 4
247 367 4
247 405 4
247 410 4
247 435 5
247 447 4
247 469 4
247 470 3
247 483 5
247 484 5
247 498 5
247 544 4
247 546 4
247 559 4
247 582 4
247 591 4
247 597 3
247 629 4
247 642 5
247 678 3
247 742 4
247 748 3
247 760 2
247 815 3
247 823 3
247 845 4
247 866 4
247 926 3
247 963 5
247 981 4
248 262 4
248 268 3
248 269 3
248 271 3
248 286 3
248 292 2
248 301 3
248 303 3
248 305 3
248 307 2
248 319 1
248 321 3
248 327 2
248 333 3
248 338 3
248 340 2
248 344 3
248 750 3
248 884 2
248 896 3
248 900 3
248 902 3
249 9 4
249 15 3
249 59 3
249 60 2
249 61 4
249 100 4
249 117 3
249 118 2
249 122 3
249 127 4
249 137 4
249 170 4
249 171 5
249 179 5
249 212 3
249 224 4
249 248 4
249 251 3
249 269 3
249 273 4
249 276 3
249 285 4
249 286 4
249 288 3
249 291 5
249 293 5
249 310 4
249 337 3
249 381 4
249 410 3
249 459 3
249 473 3
249 546 2
249 558 3
249 742 3
249 748 2
249 753 3
249 763 2
249 936 3
249 983 4
250 1 5
250 2 4
250 3 4
250 4 4
250 7 4
250 10 5
250 12 5
250 13 4
250 15 4
250 26 4
250 28 5
250 29 3
250 35 2
250 38 4
250 39 3
250 49 4
250 51 4
250 54 4
250 56 5
250 58 4
250 60 3
250 64 5
250 65 4
250 66 4
250 67 4
250 70 4
250 71 4
250 73 4
250 77 3
250 79 5
250 80 4
250 81 4
250 82 4
250 83 5
250 86 4
250 87 5
250 88 4
250 89 5
250 90 3
250 92 4
250 94 4
250 95 4
250 97 4
250 98 4
250 99 5
250 100 4
250 101 5
250 110 3
250 112 4
250 114 5
250 117 4
250 121 4
250 123 4
250 125 4
250 126 4
250 127 5
250 131 4
250 132 5
250 133 5
250 134 5
250 135 5
250 136 5
250 139 4
250 141 5
250 142 3
250 143 4
250 144 4
250 145 1
250 152 4
250 153 5
250 154 5
250 155 3
250 157 5
250 158 4
250 161 4
250 162 4
250 163 4
250 164 4
250 166 4
250 167 4
250 168 5
250 169 5
250 173 5
250 174 5
250 176 5
250 177 5
250 179 5
250 180 5
250 182 5
250 183 5
250 185 5
250 187 5
250 191 5
250 192 4
250 193 5
250 194 5
250 195 5
250 196 5
250 197 5
250 199 4
250 200 4
250 202 4
250 203 4
250 204 4
250 205 5
250 207 5
250 208 5
250 210 5
250 211 5
250 215 4
250 216 4
250 218 4
250 222 4
250 223 5
250 225 4
250 226 5
250 227 4
250 229 4
250 231 3
250 233 5
250 237 4
250 238 5
250 239 4
250 241 4
250 245 4
250 252 3
250 254 4
250 258 5
250 264 4
250 265 4
250 269 4
250 270 3
250 272 5
250 274 4
250 275 4
250 277 4
250 278 4
250 280 3
250 281 4
250 282 4
250 283 4
250 288 3
250 290 3
250 292 5
250 294 4
250 299 4
250 300 4
250 301 3
250 302 4
250 304 5
250 305 5
250 310 4
250 311 3
250 312 3
250 313 4
250 315 5
250 316 5
250 328 4
250 332 3
250 340 4
250 354 3
250 357 5
250 367 4
250 371 4
250 373 2
250 378 4
250 380 4
250 381 4
250 382 4
250 383 2
250 384 4
250 385 4
250 387 4
250 393 4
250 395 4
250 396 4
250 400 4
250 401 4
250 402 4
250 414 4
250 416 4
250 417 3
250 418 4
250 419 3
250 421 5
250 422 4
250 428 5
250 431 4
250 432 4
250 433 4
250 434 4
250 435 5
250 443 4
250 448 4
250 451 4
250 455 4
250 462 4
250 465 4
250 467 4
250 469 3
250 470 3
250 471 4
250 472 3
250 474 5
250 476 3
250 477 3
250 478 5
250 479 5
250 480 5
250 481 4
250 482 5
250 483 5
250 484 5
250 487 5
250 488 5
250 490 5
250 491 5
250 493 4
250 494 4
250 495 4
250 496 4
250 497 4
250 499 4
250 500 5
250 502 5
250 503 4
250 505 4
250 506 5
250 507 5
250 509 4
250 510 5
250 511 5
250 514 4
250 518 4
250 520 5
250 523 5
250 525 5
250 526 5
250 527 5
250 528 5
250 530 4
250 535 4
250 549 4
250 550 3
250 553 3
250 557 4
250 558 4
250 559 4
250 561 3
250 566 4
250 568 4
250 570 4
250 582 4
250 583 3
250 589 4
250 591 4
250 602 5
250 604 4
250 606 5
250 607 4
250 608 4
250 609 4
250 610 5
250 611 5
250 612 5
250 613 5
250 614 5
250 618 3
250 620 4
250 622 4
250 629 4
250 630 4
250 631 4
250 632 5
250 633 5
250 637 4
250 642 5
250 647 5
250 648 5
250 650 5
250 651 5
250 655 5
250 657 4
250 659 5
250 660 5
250 661 4
250 663 4
250 673 3
250 679 3
250 685 4
250 686 5
250 689 3
250 692 4
250 693 4
250 700 3
250 704 3
250 705 4
250 707 3
250 708 4
250 709 4
250 710 4
250 712 4
250 714 4
250 715 4
250 716 4
250 717 5
250 723 3
250 727 5
250 728 3
250 729 4
250 731 4
250 735 5
250 736 5
250 742 4
250 747 4
250 748 3
250 751 4
250 761 3
250 762 4
250 765 4
250 771 4
250 774 2
250 775 3
250 778 4
250 783 3
250 785 5
250 790 4
250 792 5
250 794 3
250 801 3
250 807 2
250 815 3
250 821 4
250 823 3
250 832 4
250 837 5
250 842 3
250 845 4
250 846 4
250 847 4
250 865 5
250 869 4
250 873 2
250 878 2
250 900 5
250 902 4
250 904 4
250 905 4
250 908 2
250 921 5
250 923 5
250 926 3
250 928 4
250 934 2
250 936 4
250 939 4
250 940 2
250 942 4
250 951 4
250 956 5
250 965 5
250 966 2
250 967 4
250 969 3
251 242 3
251 243 1
251 259 1
251 260 1
251 262 3
251 268 3
251 269 3
251 270 2
251 286 2
251 288 2
251 289 1
251 292 2
251 294 2
251 299 2
251 300 3
251 301 2
251 303 2
251 305 2
251 307 3
251 308 2
251 319 2
251 322 2
251 323 1
251 325 2
251 327 2
251 328 2
251 329 3
251 330 1
251 331 2
251 332 2
251 333 2
251 336 1
251 337 2
251 359 2
251 360 2
251 457 1
251 680 2
251 681 4
251 682 1
251 687 1
251 749 1
251 872 1
251 874 2
251 875 1
251 877 1
251 879 3
251 880 1
251 881 2
251 882 2
251 883 2
251 884 2
251 937 1
251 938 2
251 984 1
251 989 2
251 991 2
251 995 2
252 7 4
252 8 4
252 14 5
252 22 4
252 25 4
252 27 3
252 45 5
252 48 4
252 52 3
252 58 3
252 60 5
252 61 4
252 62 3
252 64 4
252 66 4
252 69 4
252 70 5
252 73 3
252 86 5
252 88 3
252 89 4
252 96 4
252 97 3
252 99 4
252 111 4
252 121 4
252 124 4
252 127 5
252 132 4
252 134 4
252 135 4
252 136 3
252 143 4
252 152 4
252 154 4
252 156 4
252 161 3
252 162 3
252 163 4
252 168 4
252 170 5
252 171 4
252 173 4
252 174 5
252 180 5
252 181 4
252 183 5
252 185 4
252 186 4
252 187 5
252 188 4
252 191 4
252 194 5
252 195 5
252 197 5
252 201 3
252 202 4
252 203 4
252 204 4
252 207 4
252 212 3
252 216 4
252 234 4
252 237 4
252 243 1
252 245 3
252 259 1
252 269 5
252 276 5
252 286 5
252 294 4
252 318 3
252 371 3
252 384 2
252 404 4
252 418 5
252 419 2
252 420 3
252 423 4
252 427 5
252 430 4
252 432 3
252 435 5
252 443 5
252 455 3
252 458 4
252 461 4
252 462 4
252 465 5
252 467 4
252 472 4
252 479 4
252 482 4
252 483 4
252 485 4
252 488 4
252 491 5
252 492 4
252 494 4
252 495 4
252 496 5
252 498 4
252 502 4
252 506 4
252 510 5
252 513 4
252 517 4
252 518 5
252 521 4
252 523 5
252 526 5
252 530 3
252 531 4
252 554 3
252 576 2
252 588 4
252 597 4
252 603 3
252 609 4
252 614 4
252 615 4
252 624 4
252 631 2
252 636 4
252 641 4
252 648 4
252 654 4
252 659 4
252 660 4
252 684 4
252 729 4
252 736 4
252 780 3
252 781 3
252 792 4
252 805 4
252 815 3
252 863 4
252 874 4
252 924 4
252 947 4
252 969 3
252 971 4
253 3 3
253 4 4
253 7 3
253 9 3
253 11 4
253 12 4
253 17 3
253 22 3
253 24 4
253 33 2
253 42 5
253 48 4
253 49 3
253 50 4
253 53 4
253 59 4
253 68 2
253 69 4
253 73 4
253 79 4
253 80 2
253 93 4
253 94 5
253 97 4
253 98 4
253 100 4
253 117 3
253 122 3
253 125 2
253 132 4
253 143 4
253 154 3
253 156 5
253 157 3
253 158 3
253 164 5
253 168 4
253 172 4
253 174 4
253 181 4
253 186 4
253 188 3
253 196 4
253 204 4
253 210 3
253 231 3
253 233 4
253 238 4
253 239 3
253 246 4
253 248 3
253 254 3
253 258 2
253 268 4
253 276 4
253 288 4
253 298 3
253 318 4
253 354 4
253 356 4
253 357 4
253 364 3
253 367 3
253 369 1
253 384 3
253 385 3
253 393 1
253 401 3
253 402 3
253 410 2
253 412 3
253 416 2
253 421 4
253 423 4
253 424 2
253 427 4
253 456 3
253 471 4
253 475 4
253 476 1
253 496 3
253 508 4
253 509 4
253 515 5
253 550 4
253 552 5
253 566 3
253 568 4
253 578 3
253 586 2
253 591 3
253 628 5
253 651 4
253 655 4
253 684 2
253 693 5
253 697 4
253 717 1
253 721 3
253 742 2
253 871 1
253 959 3
253 963 4
253 975 3
254 1 3
254 11 2
254 12 4
254 15 3
254 22 3
254 28 3
254 50 4
254 51 3
254 55 3
254 56 3
254 58 3
254 66 3
254 69 3
254 70 3
254 73 3
254 76 2
254 77 3
254 79 3
254 82 2
254 87 4
254 88 3
254 89 3
254 96 3
254 97 3
254 98 3
254 99 3
254 100 4
254 107 2
254 114 4
254 117 3
254 118 3
254 121 3
254 124 4
254 131 2
254 133 3
254 134 2
254 136 2
254 143 3
254 144 3
254 153 3
254 161 3
254 162 2
254 164 2
254 169 4
254 172 3
254 173 2
254 174 4
254 181 4
254 182 3
254 185 2
254 191 3
254 195 3
254 196 3
254 197 3
254 199 4
254 202 4
254 203 3
254 204 4
254 210 3
254 211 3
254 215 4
254 222 3
254 228 3
254 234 3
254 237 3
254 245 2
254 248 3
254 250 3
254 255 3
254 257 3
254 258 3
254 259 1
254 260 1
254 270 3
254 272 3
254 277 3
254 279 4
254 286 2
254 289 1
254 293 3
254 300 2
254 310 3
254 315 4
254 316 4
254 317 4
254 318 3
254 322 2
254 323 2
254 326 3
254 356 3
254 357 3
254 378 2
254 385 3
254 392 2
254 414 4
254 418 1
254 419 2
254 423 3
254 427 4
254 431 2
254 434 3
254 435 4
254 451 1
254 465 2
254 468 3
254 474 3
254 478 3
254 479 2
254 482 4
254 483 4
254 484 4
254 485 1
254 487 2
254 490 2
254 492 4
254 493 4
254 496 3
254 497 3
254 507 1
254 509 3
254 519 4
254 520 3
254 526 2
254 528 2
254 531 2
254 566 3
254 568 3
254 603 3
254 605 2
254 607 2
254 610 1
254 612 3
254 614 3
254 627 3
254 631 2
254 633 4
254 642 2
254 649 2
254 651 4
254 654 4
254 655 4
254 657 3
254 659 2
254 660 2
254 661 4
254 678 2
254 685 3
254 686 4
254 692 3
254 693 3
254 694 3
254 705 4
254 707 2
254 724 3
254 735 3
254 736 3
254 740 1
254 742 2
254 746 3
254 836 1
254 837 2
254 842 1
254 873 1
254 875 1
254 879 2
254 939 2
254 945 2
254 956 2
254 968 2
255 1 2
255 2 2
255 4 4
255 7 4
255 8 4
255 9 4
255 12 5
255 14 5
255 17 3
255 20 3
255 24 3
255 25 4
255 31 5
255 39 4
255 40 2
255 42 5
255 44 4
255 47 5
255 53 5
255 56 5
255 57 5
255 58 4
255 64 5
255 69 5
255 70 3
255 71 3
255 87 4
255 95 2
255 96 5
255 97 5
255 98 5
255 100 5
255 118 5
255 123 3
255 125 3
255 126 5
255 127 5
255 135 5
255 148 3
255 161 3
255 170 4
255 174 5
255 176 5
255 191 4
255 196 5
255 197 5
255 204 5
255 214 4
255 217 4
255 222 4
255 223 4
255 228 4
255 234 5
255 237 3
255 241 4
255 245 3
255 252 4
255 255 3
255 257 5
255 265 4
255 270 4
255 275 4
255 276 5
255 277 4
255 279 3
255 281 4
255 282 5
255 288 5
255 289 4
255 291 4
255 292 3
255 293 5
255 300 4
255 301 4
255 304 3
255 307 3
255 313 5
255 317 2
255 318 5
255 321 4
255 323 4
255 334 4
255 343 3
255 380 3
255 382 4
255 393 2
255 402 4
255 405 3
255 423 5
255 428 5
255 447 5
255 455 3
255 462 5
255 465 2
255 471 4
255 475 4
255 504 5
255 508 5
255 511 5
255 515 5
255 518 5
255 529 4
255 531 4
255 582 4
255 584 4
255 591 4
255 597 2
255 627 3
255 628 5
255 629 4
255 647 5
255 660 4
255 678 2
255 692 3
255 694 4
255 709 5
255 724 5
255 727 2
255 738 4
255 747 4
255 755 4
255 778 5
255 898 1
255 934 3
255 939 4
256 1 2
256 3 4
256 4 4
256 9 4
256 12 5
256 13 5
256 22 4
256 23 5
256 32 4
256 42 5
256 46 4
256 50 5
256 53 4
256 54 4
256 57 5
256 60 4
256 61 4
256 68 2
256 69 5
256 71 3
256 79 5
256 80 2
256 86 3
256 91 5
256 92 5
256 95 2
256 97 5
256 100 5
256 101 5
256 111 4
256 121 4
256 125 3
256 127 5
256 133 3
256 135 5
256 143 4
256 161 3
256 168 5
256 170 4
256 172 5
256 174 5
256 175 4
256 177 4
256 179 5
256 181 5
256 182 4
256 185 5
256 186 5
256 187 5
256 188 4
256 194 3
256 196 5
256 197 5
256 200 5
256 202 4
256 210 4
256 211 5
256 218 5
256 222 4
256 226 4
256 228 4
256 231 4
256 232 3
256 234 5
256 238 5
256 268 4
256 273 4
256 274 1
256 282 4
256 286 3
256 294 3
256 325 3
256 346 5
256 357 5
256 366 4
256 369 2
256 380 5
256 403 5
256 410 3
256 414 5
256 419 2
256 421 5
256 423 5
256 427 5
256 431 4
256 432 4
256 433 5
256 443 5
256 448 4
256 449 3
256 452 3
256 460 2
256 461 5
256 462 5
256 474 5
256 475 4
256 479 5
256 484 4
256 490 4
256 498 5
256 505 3
256 506 5
256 508 5
256 523 4
256 546 2
256 559 5
256 568 5
256 578 4
256 581 5
256 582 4
256 603 5
256 608 4
256 616 5
256 640 5
256 655 5
256 658 4
256 660 4
256 662 3
256 672 5
256 673 5
256 693 5
256 696 3
256 708 4
256 710 3
256 715 5
256 720 2
256 721 3
256 737 2
256 743 1
256 763 2
256 789 4
256 806 4
256 818 3
256 845 5
256 864 3
256 919 4
256 922 3
256 933 2
256 943 4
256 955 4
256 959 3
256 963 5
256 979 3
256 985 3
257 4 5
257 7 4
257 8 5
257 9 5
257 11 5
257 12 5
257 14 4
257 15 3
257 20 5
257 27 4
257 31 5
257 38 4
257 44 5
257 45 4
257 48 5
257 50 5
257 51 3
257 52 5
257 53 3
257 54 5
257 56 5
257 57 4
257 58 3
257 59 5
257 62 4
257 64 5
257 65 5
257 66 4
257 70 4
257 77 4
257 79 5
257 82 5
257 83 5
257 86 4
257 89 5
257 91 4
257 94 5
257 96 5
257 97 4
257 100 5
257 105 3
257 114 5
257 117 5
257 118 3
257 122 3
257 127 5
257 132 5
257 134 5
257 137 5
257 143 5
257 144 4
257 148 4
257 151 5
257 155 3
257 156 5
257 157 4
257 161 4
257 162 5
257 164 5
257 168 5
257 172 5
257 173 5
257 174 5
257 176 5
257 180 5
257 181 5
257 182 5
257 183 5
257 185 5
257 186 4
257 190 5
257 191 5
257 192 5
257 193 5
257 194 5
257 195 5
257 196 5
257 197 5
257 200 5
257 203 5
257 204 5
257 209 5
257 214 4
257 215 5
257 216 5
257 218 5
257 219 5
257 226 5
257 229 4
257 230 3
257 231 4
257 232 5
257 234 5
257 235 4
257 237 5
257 239 5
257 240 5
257 241 3
257 243 3
257 248 5
257 257 5
257 258 5
257 265 4
257 282 5
257 285 5
257 288 5
257 304 3
257 318 5
257 357 5
257 366 5
257 370 4
257 372 4
257 373 4
257 378 4
257 380 4
257 385 5
257 393 5
257 395 4
257 401 4
257 402 5
257 403 5
257 405 4
257 410 5
257 411 4
257 412 4
257 417 3
257 425 4
257 428 5
257 436 4
257 443 5
257 448 5
257 450 3
257 452 4
257 453 3
257 455 5
257 456 4
257 458 4
257 462 5
257 469 5
257 470 4
257 471 5
257 472 4
257 473 5
257 474 5
257 476 3
257 483 5
257 500 4
257 507 2
257 509 5
257 527 5
257 529 5
257 531 5
257 540 4
257 546 5
257 549 5
257 553 4
257 559 3
257 566 5
257 568 5
257 582 5
257 584 4
257 588 5
257 597 5
257 623 4
257 628 5
257 629 4
257 631 4
257 632 4
257 636 5
257 640 4
257 651 5
257 655 5
257 658 5
257 664 5
257 673 5
257 679 5
257 692 4
257 699 5
257 704 3
257 708 4
257 709 5
257 717 4
257 720 5
257 722 4
257 727 3
257 729 4
257 732 5
257 739 4
257 742 5
257 744 4
257 747 5
257 755 4
257 756 4
257 758 2
257 769 3
257 770 4
257 775 5
257 783 4
257 792 3
257 819 4
257 825 3
257 841 4
257 845 4
257 871 3
257 931 3
257 934 3
257 948 4
257 949 4
257 959 5
257 980 4
258 8 4
258 9 4
258 12 5
258 13 3
258 14 5
258 20 4
258 23 4
258 25 4
258 28 4
258 32 3
258 48 4
258 50 5
258 57 5
258 58 3
258 86 5
258 96 5
258 98 5
258 117 4
258 121 4
258 124 4
258 126 4
258 127 5
258 129 4
258 134 5
258 143 4
258 144 4
258 147 4
258 152 5
258 169 5
258 174 5
258 178 5
258 179 5
258 180 5
258 181 5
258 182 4
258 183 5
258 189 4
258 190 4
258 191 5
258 192 3
258 193 4
258 195 5
258 203 4
258 208 5
258 209 5
258 234 4
258 237 4
258 238 4
258 245 4
258 250 4
258 255 4
258 273 3
258 278 3
258 282 5
258 283 4
258 284 3
258 285 4
258 286 2
258 287 2
258 288 4
258 293 4
258 298 5
258 301 2
258 304 4
258 307 4
258 317 5
258 318 4
258 319 2
258 321 3
258 330 4
258 333 3
258 346 4
258 357 4
258 387 4
258 405 3
258 408 4
258 410 4
258 423 4
258 425 4
258 427 5
258 430 5
258 467 5
258 469 5
258 473 5
258 474 4
258 496 5
258 509 4
258 514 4
258 517 5
258 521 4
258 526 5
258 529 5
258 530 4
258 546 3
258 582 5
258 588 4
258 589 4
258 591 5
258 597 3
258 603 4
258 632 4
258 644 4
258 648 4
258 651 5
258 654 5
258 663 4
258 685 4
258 694 5
258 696 4
258 704 3
258 709 3
258 717 4
258 736 4
258 742 4
258 750 5
258 753 4
258 792 3
258 844 2
258 847 3
258 896 5
258 925 3
258 939 4
258 952 4
258 956 4
258 980 3
259 1 1
259 3 3
259 7 3
259 8 4
259 15 4
259 16 3
259 19 3
259 22 3
259 25 3
259 100 4
259 108 2
259 111 3
259 117 3
259 120 1
259 121 3
259 123 2
259 134 4
259 147 4
259 148 2
259 164 4
259 172 4
259 174 4
259 181 4
259 194 2
259 216 3
259 220 1
259 222 4
259 225 3
259 230 3
259 245 3
259 249 3
259 250 3
259 255 2
259 258 2
259 264 4
259 278 3
259 282 4
259 286 2
259 289 3
259 291 4
259 295 2
259 300 3
259 301 3
259 322 3
259 323 3
259 328 3
259 332 3
259 333 3
259 336 3
259 357 4
259 358 2
259 411 2
259 472 2
259 473 2
259 523 3
259 546 2
259 568 4
259 596 3
259 597 1
259 651 4
259 676 3
259 678 2
259 685 3
259 687 1
259 742 2
259 748 2
259 815 3
259 825 3
259 827 2
259 832 3
259 846 3
259 864 4
259 866 2
259 873 2
259 879 3
259 934 2
259 969 3
259 978 3
259 989 3
260 1 4
260 7 3
260 10 4
260 14 4
260 20 4
260 117 4
260 127 4
260 129 3
260 146 4
260 221 4
260 224 4
260 242 4
260 248 5
260 250 5
260 253 4
260 257 2
260 258 5
260 273 5
260 275 1
260 276 5
260 279 4
260 286 3
260 289 4
260 294 1
260 297 4
260 301 4
260 302 3
260 303 4
260 307 4
260 311 4
260 322 3
260 327 4
260 458 4
260 515 4
260 532 4
260 591 4
260 676 4
260 713 4
260 744 3
261 121 3
261 158 3
261 242 4
261 255 3
261 269 4
261 285 4
261 302 5
261 304 3
261 319 3
261 347 3
261 682 2
262 11 2
262 22 5
262 100 5
262 136 4
262 237 3
262 259 2
262 271 2
262 288 3
262 289 4
262 292 5
262 300 4
262 313 5
262 321 3
262 332 3
262 358 4
262 678 3
262 682 2
262 866 3
262 895 3
263 3 2
263 7 2
263 10 2
263 14 3
263 15 3
263 20 3
263 24 2
263 50 3
263 93 2
263 100 3
263 103 1
263 107 3
263 112 2
263 116 3
263 117 3
263 121 3
263 124 3
263 126 3
263 127 3
263 137 3
263 147 3
263 149 2
263 150 2
263 151 2
263 221 2
263 224 4
263 225 2
263 235 1
263 242 3
263 243 1
263 244 2
263 248 3
263 249 2
263 250 3
263 253 3
263 257 3
263 258 3
263 268 3
263 270 2
263 274 3
263 282 3
263 283 3
263 284 3
263 285 3
263 288 2
263 301 2
263 304 3
263 306 3
263 311 4
263 319 2
263 347 2
263 362 2
263 455 2
263 472 2
263 473 3
263 475 2
263 477 2
263 508 2
263 544 1
263 593 3
263 596 2
263 597 2
263 689 2
263 741 3
263 744 3
263 751 3
263 819 1
263 845 3
263 864 1
263 870 2
263 880 1
263 887 2
263 926 2
263 930 1
263 950 2
263 952 2
263 988 1
263 993 2
264 16 5
264 116 4
264 176 5
264 181 4
264 194 5
264 248 4
264 258 5
264 260 1
264 269 5
264 286 2
264 289 4
264 293 4
264 298 4
264 300 4
264 301 2
264 321 3
264 322 3
264 328 4
264 333 3
264 358 5
264 482 5
264 603 4
264 678 3
264 705 5
264 709 3
264 748 3
264 879 4
265 1 2
265 7 4
265 8 4
265 12 5
265 22 4
265 28 4
265 32 4
265 56 5
265 64 5
265 87 4
265 97 5
265 100 5
265 109 4
265 114 5
265 132 5
265 134 5
265 136 3
265 143 4
265 154 4
265 169 4
265 172 5
265 174 5
265 175 4
265 179 5
265 180 4
265 181 5
265 190 5
265 191 4
265 194 3
265 198 5
265 199 4
265 202 4
265 257 5
265 258 3
265 283 4
265 286 3
265 300 4
265 318 5
265 319 4
265 395 3
265 404 3
265 423 5
265 428 5
265 474 5
265 475 4
265 478 4
265 481 5
265 496 4
265 529 4
265 584 4
265 588 2
265 603 5
265 615 4
265 638 4
265 651 5
265 656 4
265 705 4
265 855 4
266 2 3
266 11 5
266 22 4
266 24 4
266 27 4
266 50 5
266 55 5
266 56 5
266 62 4
266 79 5
266 87 4
266 89 5
266 95 2
266 96 5
266 98 5
266 117 4
266 127 5
266 128 3
266 144 4
266 174 5
266 181 5
266 182 4
266 183 5
266 184 4
266 187 5
266 188 4
266 210 4
266 231 4
266 232 3
266 258 3
266 265 4
266 268 4
266 269 4
266 273 5
266 288 5
266 292 3
266 294 3
266 302 5
266 306 3
266 308 3
266 313 5
266 315 4
266 321 4
266 324 4
266 326 3
266 327 4
266 328 4
266 331 4
266 333 3
266 334 4
266 346 5
266 349 4
266 350 4
266 354 4
266 357 5
266 385 4
266 405 3
266 455 3
266 518 5
266 546 2
266 550 5
266 566 4
266 568 5
266 651 5
266 682 5
266 748 3
266 873 3
266 882 3
266 885 3
266 898 4
266 902 4
266 908 4
266 995 4
267 7 4
267 10 3
267 24 4
267 50 5
267 93 3
267 100 5
267 108 5
267 109 4
267 150 5
267 240 2
267 246 4
267 248 4
267 249 3
267 264 2
267 268 4
267 269 5
267 273 3
267 276 5
267 298 5
267 327 4
267 340 3
267 455 4
267 475 5
267 742 4
267 762 4
267 919 4
268 1 5
268 4 1
268 7 5
268 8 3
268 13 3
268 15 4
268 19 3
268 22 4
268 23 3
268 25 3
268 31 4
268 39 3
268 42 3
268 47 2
268 51 4
268 56 4
268 58 3
268 69 5
268 70 4
268 71 5
268 95 3
268 96 4
268 97 4
268 98 4
268 100 2
268 111 4
268 116 3
268 118 3
268 121 4
268 126 3
268 132 3
268 137 3
268 144 5
268 150 4
268 153 5
268 157 3
268 159 3
268 160 3
268 170 5
268 172 4
268 173 5
268 178 5
268 180 3
268 181 4
268 182 2
268 191 5
268 192 3
268 195 5
268 200 2
268 209 4
268 214 3
268 216 5
268 222 3
268 238 3
268 246 3
268 251 3
268 257 5
268 258 3
268 273 3
268 283 3
268 285 3
268 293 3
268 294 4
268 297 3
268 318 3
268 321 4
268 357 4
268 367 3
268 377 3
268 405 3
268 411 4
268 423 5
268 427 4
268 428 3
268 435 3
268 462 3
268 469 4
268 471 5
268 475 2
268 498 3
268 507 3
268 529 3
268 544 3
268 582 3
268 603 3
268 612 3
268 642 3
268 655 4
268 662 3
268 692 4
268 699 2
268 724 3
268 742 4
268 826 3
268 856 3
268 926 3
268 952 3
269 64 5
269 65 5
269 127 4
269 134 5
269 136 4
269 153 5
269 194 5
269 199 5
269 215 5
269 286 5
269 306 5
269 483 5
269 484 5
269 490 5
269 495 5
269 507 5
269 511 5
269 520 5
269 530 5
269 582 5
269 605 5
269 610 5
269 611 5
269 641 5
269 654 5
269 656 5
269 705 5
269 855 5
269 923 5
270 1 4
270 7 3
270 9 3
270 13 3
270 19 3
270 50 4
270 93 3
270 100 5
270 118 3
270 125 3
270 150 4
270 181 3
270 221 4
270 235 1
270 248 3
270 257 4
270 258 3
270 276 4
270 283 3
270 284 3
270 285 3
270 286 3
270 293 3
270 294 2
270 295 2
270 360 4
270 458 2
270 471 3
270 475 4
270 508 3
270 544 3
270 546 2
270 813 3
270 824 2
270 919 3
270 950 3
270 952 3
271 1 4
271 8 4
271 50 5
271 94 4
271 95 4
271 99 4
271 140 3
271 225 3
271 404 5
271 418 4
271 477 2
271 501 3
271 596 3
271 768 3
271 878 1
271 932 4
271 969 3
272 1 5
272 2 4
272 3 4
272 4 4
272 7 4
272 11 4
272 12 5
272 21 3
272 24 4
272 27 3
272 28 5
272 29 3
272 33 4
272 38 4
272 41 4
272 43 5
272 49 4
272 51 4
272 56 5
272 63 4
272 64 5
272 66 4
272 68 3
272 69 4
272 71 4
272 72 4
272 73 4
272 78 3
272 79 5
272 80 4
272 82 4
272 88 5
272 90 3
272 94 4
272 97 4
272 99 5
272 101 5
272 109 4
272 117 4
272 118 3
272 120 2
272 121 4
272 122 2
272 123 4
272 132 5
272 135 5
272 141 5
272 151 5
272 161 4
272 168 5
272 172 5
272 173 5
272 174 5
272 175 4
272 177 5
272 181 5
272 183 5
272 185 5
272 186 5
272 193 5
272 195 5
272 196 5
272 204 5
272 210 5
272 215 4
272 217 5
272 218 4
272 226 5
272 228 4
272 229 4
272 232 4
272 233 5
272 234 4
272 239 4
272 240 4
272 250 4
272 254 4
272 255 5
272 258 5
272 260 2
272 271 3
272 288 4
272 313 4
272 318 5
272 323 4
272 343 4
272 355 4
272 358 5
272 362 5
272 365 4
272 368 3
272 370 4
272 373 2
272 374 4
272 375 4
272 378 4
272 380 3
272 384 4
272 386 3
272 391 3
272 392 4
272 393 4
272 395 4
272 400 4
272 401 4
272 404 4
272 411 3
272 416 4
272 417 3
272 418 4
272 431 4
272 443 5
272 449 4
272 465 5
272 473 4
272 475 4
272 477 3
272 485 5
272 496 5
272 501 5
272 541 3
272 546 4
272 548 5
272 550 4
272 552 4
272 559 4
272 561 3
272 562 4
272 567 1
272 568 4
272 569 2
272 576 4
272 577 4
272 578 4
272 584 4
272 588 4
272 597 4
272 609 4
272 625 4
272 633 5
272 655 5
272 665 4
272 672 2
272 685 4
272 689 2
272 715 5
272 720 3
272 739 4
272 742 4
272 743 2
272 746 5
272 747 4
272 751 4
272 755 4
272 756 3
272 758 4
272 760 4
272 763 4
272 768 4
272 771 4
272 780 4
272 790 4
272 796 4
272 810 3
272 826 1
272 834 4
272 877 4
272 890 4
272 895 4
272 924 4
272 928 4
272 930 3
272 931 3
272 940 2
272 946 4
272 951 4
272 977 4
273 7 4
273 9 3
273 10 3
273 14 5
273 25 4
273 116 4
273 124 4
273 129 4
273 137 3
273 242 5
273 257 5
273 275 5
273 276 4
273 293 4
273 302 4
273 303 3
273 319 1
273 327 2
273 547 1
273 813 4
274 7 4
274 8 5
274 11 5
274 12 5
274 13 5
274 14 5
274 15 3
274 22 5
274 23 5
274 26 5
274 42 5
274 44 4
274 45 4
274 48 4
274 50 5
274 52 5
274 58 4
274 60 4
274 61 5
274 64 5
274 66 4
274 68 2
274 69 5
274 70 4
274 71 5
274 72 4
274 73 4
274 76 4
274 77 4
274 79 5
274 83 5
274 86 3
274 87 4
274 88 5
274 89 5
274 92 5
274 97 3
274 98 5
274 99 4
274 100 5
274 107 4
274 116 3
274 117 5
274 121 5
274 131 4
274 132 5
274 134 5
274 135 5
274 136 4
274 141 4
274 150 5
274 161 4
274 168 5
274 170 4
274 171 5
274 172 5
274 173 5
274 175 4
274 176 5
274 178 4
274 179 5
274 180 5
274 181 5
274 182 5
274 183 5
274 191 5
274 192 5
274 193 4
274 194 4
274 195 5
274 196 5
274 198 4
274 203 5
274 205 4
274 207 4
274 208 4
274 210 5
274 211 5
274 212 3
274 215 5
274 216 5
274 218 5
274 221 4
274 227 2
274 230 3
274 234 5
274 237 4
274 238 5
274 244 4
274 248 5
274 252 4
274 257 3
274 258 5
274 265 4
274 274 2
274 275 2
274 276 5
274 282 4
274 283 5
274 285 5
274 288 4
274 289 5
274 291 4
274 293 5
274 298 5
274 302 4
274 313 5
274 315 5
274 316 5
274 317 3
274 322 4
274 326 4
274 346 5
274 356 5
274 380 5
274 382 4
274 385 5
274 410 5
274 414 4
274 416 4
274 418 5
274 419 4
274 430 5
274 434 4
274 435 4
274 436 4
274 461 5
274 462 4
274 463 5
274 470 5
274 474 5
274 475 5
274 478 4
274 480 4
274 481 4
274 483 5
274 484 5
274 486 4
274 488 4
274 489 4
274 490 4
274 491 5
274 493 4
274 495 4
274 496 5
274 497 5
274 498 5
274 499 4
274 503 4
274 506 4
274 507 4
274 508 5
274 511 4
274 513 4
274 514 4
274 517 4
274 518 4
274 519 4
274 520 4
274 521 5
274 525 4
274 526 4
274 527 5
274 528 4
274 529 4
274 530 4
274 553 4
274 566 4
274 584 4
274 591 5
274 601 4
274 602 4
274 603 5
274 604 5
274 605 4
274 607 4
274 610 4
274 614 4
274 615 4
274 618 4
274 628 5
274 633 4
274 641 4
274 642 4
274 646 4
274 648 5
274 649 4
274 651 5
274 653 4
274 657 4
274 659 4
274 660 5
274 661 4
274 664 5
274 676 4
274 684 5
274 685 3
274 692 5
274 696 4
274 697 5
274 699 5
274 705 5
274 707 4
274 708 4
274 709 4
274 735 5
274 736 4
274 744 4
274 756 3
274 789 5
274 792 2
274 836 4
274 848 4
274 921 3
274 923 4
274 939 4
274 943 4
274 945 4
274 963 4
274 966 5
274 971 4
274 996 4
275 70 5
275 100 5
275 127 5
275 259 3
275 286 4
275 313 5
275 381 5
276 4 4
276 26 3
276 33 3
276 56 4
276 63 3
276 67 3
276 72 3
276 73 4
276 80 2
276 83 4
276 88 3
276 168 4
276 173 4
276 175 3
276 186 4
276 202 4
276 204 4
276 209 4
276 211 4
276 216 4
276 232 3
276 238 4
276 239 3
276 288 3
276 294 3
276 300 4
276 328 3
276 343 2
276 367 3
276 386 3
276 435 4
276 579 3
276 648 4
276 655 4
276 692 3
276 710 3
276 712 3
276 715 3
276 734 3
276 738 2
276 748 3
276 765 3
276 781 3
276 790 3
276 792 4
276 890 3
276 944 1
276 999 4
277 20 4
277 25 3
277 36 4
277 49 4
277 88 4
277 90 3
277 237 4
277 255 5
277 282 4
277 289 4
277 294 4
277 369 2
277 553 3
277 709 4
277 722 3
277 731 4
277 732 4
277 756 3
277 781 4
277 846 4
278 1 3
278 7 4
278 17 4
278 23 5
278 26 4
278 28 4
278 40 4
278 42 5
278 48 5
278 50 5
278 65 5
278 69 5
278 72 4
278 77 4
278 79 4
278 81 4
278 93 5
278 98 5
278 111 4
278 122 4
278 134 5
278 143 4
278 145 3
278 151 4
278 160 5
278 161 3
278 188 4
278 196 5
278 216 4
278 218 4
278 219 5
278 222 5
278 231 4
278 237 4
278 238 5
278 255 4
278 276 5
278 282 4
278 288 3
278 300 4
278 318 5
278 327 4
278 340 4
278 350 4
278 354 4
278 357 5
278 367 4
278 369 4
278 381 4
278 392 4
278 403 5
278 410 4
278 412 3
278 427 4
278 447 4
278 451 4
278 467 4
278 469 4
278 518 5
278 568 4
278 591 5
278 604 4
278 616 4
278 655 4
278 658 4
278 673 5
278 684 4
278 743 3
278 763 3
278 843 4
278 866 3
278 959 5
278 975 4
279 1 4
279 8 4
279 24 3
279 28 4
279 31 3
279 50 4
279 54 3
279 55 4
279 58 3
279 66 4
279 70 3
279 71 4
279 79 4
279 82 3
279 88 4
279 89 4
279 95 3
279 96 3
279 97 4
279 100 4
279 101 4
279 108 3
279 111 3
279 117 3
279 118 3
279 121 3
279 122 2
279 127 4
279 133 3
279 135 4
279 144 4
279 147 4
279 148 2
279 153 4
279 161 3
279 164 4
279 168 4
279 172 4
279 173 4
279 174 5
279 175 4
279 176 4
279 177 3
279 179 5
279 180 3
279 181 3
279 182 4
279 183 4
279 185 4
279 187 4
279 188 4
279 189 5
279 190 4
279 195 4
279 197 4
279 198 4
279 201 4
279 204 3
279 209 4
279 210 4
279 211 4
279 213 4
279 215 4
279 216 4
279 228 4
279 230 3
279 241 3
279 248 3
279 249 3
279 255 3
279 257 4
279 258 3
279 261 3
279 264 3
279 265 4
279 266 3
279 270 3
279 272 5
279 274 3
279 281 3
279 282 4
279 286 4
279 288 3
279 294 3
279 295 3
279 298 3
279 300 3
279 304 3
279 325 4
279 328 3
279 356 3
279 358 2
279 380 3
279 385 3
279 398 3
279 405 3
279 421 4
279 422 2
279 423 4
279 436 5
279 455 3
279 463 4
279 472 3
279 479 4
279 483 4
279 489 4
279 510 4
279 511 4
279 523 4
279 526 4
279 528 4
279 535 3
279 546 3
279 566 4
279 588 4
279 602 3
279 604 2
279 616 4
279 629 3
279 632 4
279 640 3
279 651 4
279 655 4
279 680 3
279 688 4
279 692 3
279 727 3
279 732 3
279 739 3
279 748 2
279 751 3
279 752 4
279 840 3
279 879 5
279 931 2
279 945 3
280 8 4
280 12 5
280 64 5
280 89 4
280 96 4
280 100 4
280 114 5
280 127 4
280 165 4
280 172 4
280 174 5
280 175 4
280 183 4
280 190 4
280 191 4
280 213 4
280 234 4
280 237 3
280 257 4
280 258 4
280 265 4
280 272 4
280 298 2
280 347 3
280 462 3
280 479 4
280 483 4
280 504 4
280 510 4
280 511 4
280 517 2
280 603 4
280 615 3
280 642 3
280 661 4
280 705 4
280 863 3
281 4 4
281 42 4
281 50 5
281 66 4
281 70 4
281 86 4
281 100 4
281 153 5
281 163 4
281 173 5
281 190 5
281 197 5
281 204 4
281 207 5
281 210 5
281 216 4
281 283 4
281 313 4
281 318 5
281 322 3
281 367 4
281 427 5
281 430 5
281 479 5
281 484 5
281 505 4
281 507 5
281 524 5
281 648 5
281 650 5
281 659 5
281 678 3
281 692 4
281 780 4
282 127 5
282 257 5
282 269 4
282 288 5
282 295 3
282 298 3
282 311 2
282 315 5
282 346 5
282 876 3
282 881 3
282 988 1
283 1 4
283 12 4
283 20 3
283 99 4
283 107 2
283 109 5
283 116 3
283 121 4
283 151 2
283 180 3
283 195 3
283 197 1
283 199 4
283 229 3
283 230 3
283 250 3
283 257 4
283 270 3
283 271 3
283 274 3
283 275 4
283 277 3
283 286 3
283 290 3
283 313 4
283 318 4
283 365 3
283 380 1
283 405 2
283 449 3
283 450 1
283 462 3
283 480 3
283 538 3
283 582 3
283 612 3
283 743 2
283 900 3
284 1 5
284 7 5
284 9 5
284 15 4
284 24 5
284 25 4
284 28 5
284 29 4
284 50 5
284 51 4
284 53 5
284 56 5
284 69 4
284 70 5
284 71 5
284 73 4
284 79 5
284 82 5
284 94 4
284 96 5
284 97 5
284 98 5
284 111 5
284 122 3
284 135 5
284 136 5
284 141 5
284 143 5
284 144 5
284 150 5
284 151 5
284 168 5
284 173 5
284 174 5
284 181 5
284 195 5
284 202 5
284 204 5
284 216 5
284 222 5
284 227 4
284 229 4
284 234 5
284 235 5
284 237 4
284 248 5
284 250 5
284 252 4
284 255 5
284 257 5
284 258 5
284 274 4
284 275 5
284 293 5
284 294 4
284 300 4
284 313 5
284 315 5
284 318 5
284 343 4
284 385 4
284 392 4
284 399 4
284 405 4
284 419 4
284 422 5
284 427 5
284 431 5
284 449 5
284 451 4
284 463 5
284 472 4
284 510 5
284 550 4
284 554 4
284 560 4
284 562 4
284 568 5
284 578 4
284 588 5
284 597 4
284 625 4
284 651 5
284 655 5
284 665 4
284 679 4
284 692 4
284 699 5
284 746 5
284 778 4
284 823 4
284 829 3
284 849 4
284 879 5
284 924 5
284 926 3
285 288 3
285 289 2
285 303 3
285 307 3
285 313 4
285 319 1
285 321 2
285 326 3
285 330 2
285 347 3
285 748 2
286 1 1
286 3 3
286 7 3
286 10 3
286 13 4
286 14 4
286 15 4
286 93 4
286 109 3
286 111 3
286 121 3
286 123 2
286 124 3
286 125 2
286 127 4
286 129 3
286 137 4
286 146 3
286 147 4
286 150 4
286 151 4
286 181 4
286 220 1
286 221 3
286 235 1
286 236 2
286 237 2
286 245 2
286 248 3
286 250 3
286 255 2
286 257 5
286 258 2
286 262 5
286 264 3
286 270 4
286 273 4
286 275 3
286 276 4
286 277 3
286 280 3
286 282 4
286 284 1
286 285 4
286 286 2
286 287 4
286 295 2
286 298 2
286 299 3
286 300 4
286 305 3
286 319 5
286 321 3
286 322 3
286 327 4
286 331 3
286 332 3
286 333 3
286 460 1
286 471 3
286 475 4
286 476 1
286 508 4
286 591 3
286 595 2
286 597 1
286 620 3
286 628 4
286 678 2
286 689 1
286 690 4
286 696 3
286 717 1
286 718 3
286 742 2
286 748 2
286 762 3
286 766 3
286 818 3
286 823 4
286 846 3
286 864 3
286 872 3
286 874 3
286 879 4
286 880 3
286 882 3
286 886 3
286 887 3
286 924 3
286 935 3
286 936 3
286 975 3
286 994 3
286 995 3
287 1 4
287 2 2
287 3 1
287 4 4
287 12 5
287 17 2
287 25 2
287 28 4
287 31 4
287 38 3
287 42 4
287 43 2
287 45 3
287 48 4
287 49 3
287 50 5
287 55 3
287 58 3
287 66 3
287 68 4
287 69 5
287 71 4
287 73 3
287 76 3
287 77 4
287 79 4
287 81 4
287 82 3
287 87 5
287 88 4
287 92 3
287 95 4
287 96 4
287 97 4
287 99 4
287 100 5
287 111 4
287 117 4
287 121 4
287 125 2
287 128 2
287 133 3
287 136 3
287 140 3
287 143 4
287 144 4
287 150 5
287 160 4
287 161 3
287 172 4
287 174 5
287 176 3
287 179 3
287 181 4
287 183 5
287 188 3
287 191 4
287 194 5
287 195 4
287 196 4
287 202 4
287 206 3
287 215 5
287 216 4
287 218 1
287 222 4
287 226 4
287 227 4
287 230 4
287 232 3
287 237 3
287 239 3
287 249 3
287 252 3
287 255 3
287 257 5
287 258 4
287 259 3
287 260 3
287 265 3
287 270 4
287 272 4
287 273 3
287 276 5
287 280 3
287 282 4
287 286 4
287 288 4
287 289 2
287 293 3
287 294 2
287 298 3
287 300 2
287 318 4
287 333 3
287 347 5
287 356 4
287 366 4
287 367 4
287 378 4
287 402 3
287 411 2
287 412 3
287 423 5
287 432 3
287 455 3
287 462 5
287 470 3
287 471 4
287 474 4
287 501 5
287 540 3
287 541 3
287 546 2
287 549 3
287 550 4
287 566 3
287 572 2
287 578 3
287 588 3
287 591 5
287 596 2
287 597 3
287 620 3
287 627 4
287 628 3
287 651 5
287 652 4
287 658 3
287 672 1
287 679 4
287 684 5
287 685 5
287 686 5
287 692 4
287 710 3
287 713 3
287 727 3
287 732 5
287 735 3
287 739 4
287 742 4
287 747 5
287 748 3
287 768 2
287 772 1
287 779 3
287 781 2
287 790 2
287 794 4
287 820 4
287 823 5
287 833 2
287 845 3
287 921 3
287 932 3
287 939 3
287 941 3
287 955 3
287 956 3
287 978 3
288 1 3
288 8 3
288 9 3
288 11 3
288 22 4
288 28 4
288 33 3
288 58 3
288 64 4
288 69 3
288 70 3
288 83 3
288 87 3
288 96 3
288 98 3
288 111 2
288 133 3
288 135 3
288 154 3
288 164 3
288 168 3
288 172 3
288 173 4
288 176 3
288 180 3
288 181 3
288 182 3
288 183 3
288 185 3
288 186 4
288 190 4
288 196 3
288 198 3
288 199 3
288 200 2
288 203 3
288 207 4
288 208 3
288 210 4
288 211 3
288 222 3
288 228 4
288 230 3
288 238 3
288 243 1
288 245 2
288 258 3
288 260 1
288 265 4
288 269 3
288 289 2
288 292 4
288 299 3
288 304 3
288 318 4
288 328 3
288 333 2
288 357 3
288 358 2
288 385 3
288 405 2
288 414 3
288 419 2
288 429 3
288 434 2
288 468 2
288 474 3
288 480 3
288 485 3
288 491 3
288 493 4
288 496 3
288 498 3
288 500 3
288 510 3
288 511 3
288 514 4
288 515 4
288 520 4
288 521 3
288 523 4
288 526 3
288 527 3
288 568 3
288 605 3
288 612 2
288 655 3
288 659 3
288 662 3
288 692 2
288 707 2
288 724 3
288 732 3
288 748 2
288 776 1
288 845 3
288 880 4
288 890 2
289 243 3
289 258 2
289 259 2
289 260 3
289 261 3
289 263 3
289 264 4
289 266 3
289 268 4
289 270 4
289 271 2
289 272 5
289 286 2
289 288 4
289 289 4
289 292 3
289 294 3
289 301 3
289 302 4
289 303 3
289 308 3
289 310 4
289 313 4
289 315 4
289 316 4
289 321 3
289 324 3
289 325 3
289 326 3
289 327 4
289 330 2
289 331 3
289 332 3
289 333 3
289 334 4
289 339 3
289 340 4
289 342 3
289 343 2
289 349 3
289 353 3
289 355 3
289 358 2
289 457 3
289 538 3
289 539 2
289 678 2
289 681 3
289 682 5
289 687 1
289 689 3
289 750 5
289 751 3
289 752 3
289 872 3
289 873 2
289 874 3
289 875 4
289 881 3
289 883 3
289 887 3
289 890 3
289 892 2
289 902 3
289 908 3
289 948 2
289 988 1
289 989 3
289 991 3
290 1 4
290 7 3
290 9 3
290 15 3
290 50 4
290 93 3
290 117 4
290 124 3
290 126 3
290 127 5
290 150 3
290 151 2
290 181 3
290 224 3
290 237 4
290 246 3
290 257 5
290 258 3
290 273 2
290 277 3
290 284 3
290 286 3
290 292 3
290 293 3
290 298 1
290 302 3
290 333 4
290 410 2
290 475 3
290 515 4
290 596 3
290 764 2
290 847 3
290 919 3
290 926 3
290 993 3
291 7 4
291 19 3
291 45 4
291 100 4
291 124 3
291 129 3
291 236 2
291 237 3
291 258 3
291 273 4
291 286 3
291 340 5
291 475 3
291 657 4
291 900 3
292 45 5
292 56 5
292 64 5
292 69 5
292 83 4
292 97 5
292 100 5
292 124 3
292 127 5
292 134 5
292 137 5
292 185 5
292 186 5
292 187 5
292 192 5
292 193 3
292 205 3
292 221 3
292 242 3
292 285 4
292 286 3
292 318 5
292 479 5
292 482 5
292 483 5
292 492 4
292 511 5
292 523 4
292 527 5
292 531 4
292 654 4
292 657 4
292 772 4
292 923 4
293 1 2
293 7 4
293 11 4
293 12 4
293 22 4
293 24 4
293 48 4
293 50 5
293 56 5
293 59 4
293 60 4
293 61 4
293 65 4
293 69 4
293 71 4
293 79 4
293 82 4
293 91 4
293 95 4
293 96 4
293 98 4
293 100 4
293 115 4
293 117 4
293 118 2
293 121 4
293 124 4
293 127 4
293 150 4
293 156 4
293 168 5
293 171 4
293 172 4
293 173 5
293 174 4
293 175 4
293 176 5
293 180 4
293 181 4
293 182 5
293 183 4
293 188 3
293 191 4
293 192 4
293 195 5
293 196 4
293 201 4
293 209 4
293 210 4
293 222 5
293 234 4
293 235 4
293 238 5
293 239 4
293 250 5
293 252 3
293 257 2
293 258 5
293 260 4
293 264 4
293 265 4
293 271 1
293 273 4
293 275 4
293 284 4
293 288 2
293 298 4
293 300 4
293 318 5
293 323 4
293 327 4
293 328 3
293 343 4
293 357 4
293 369 4
293 405 3
293 411 4
293 423 3
293 431 2
293 455 4
293 462 2
293 475 4
293 483 4
293 527 4
293 528 4
293 546 4
293 550 4
293 597 2
293 647 4
293 652 4
293 684 4
293 687 4
293 693 4
293 742 2
293 746 4
293 751 4
293 754 4
293 762 4
293 763 1
293 876 4
293 886 4
293 890 4
293 925 4
294 1 5
294 9 5
294 15 4
294 64 5
294 65 4
294 86 5
294 98 5
294 100 5
294 126 4
294 174 5
294 183 5
294 191 5
294 194 5
294 222 4
294 237 4
294 286 4
294 289 4
294 294 4
294 322 4
294 357 5
294 479 5
294 507 5
294 528 5
294 748 3
294 924 4
295 2 4
295 4 4
295 11 4
295 29 3
295 44 5
295 50 5
295 53 4
295 54 4
295 56 5
295 62 3
295 64 5
295 68 3
295 69 4
295 71 4
295 79 4
295 84 4
295 86 4
295 88 4
295 89 4
295 90 3
295 91 3
295 94 4
295 95 4
295 98 4
295 101 3
295 109 3
295 120 3
295 127 5
295 132 4
295 133 4
295 139 3
295 140 3
295 144 4
295 145 2
295 147 3
295 153 4
295 155 3
295 157 5
295 158 3
295 161 4
295 162 4
295 163 4
295 167 3
295 168 4
295 172 4
295 173 5
295 174 5
295 176 4
295 179 5
295 181 4
295 184 3
295 186 4
295 188 4
295 191 4
295 195 4
295 200 4
295 201 4
295 202 4
295 214 4
295 216 4
295 217 3
295 219 4
295 222 4
295 226 4
295 227 4
295 228 3
295 229 3
295 230 3
295 231 3
295 232 3
295 234 4
295 235 4
295 265 4
295 282 4
295 288 3
295 357 5
295 379 3
295 380 3
295 385 4
295 386 3
295 389 4
295 391 3
295 392 3
295 395 3
295 402 4
295 403 4
295 404 4
295 413 3
295 416 5
295 417 3
295 421 4
295 423 5
295 431 4
295 433 3
295 435 4
295 444 4
295 447 4
295 449 4
295 452 3
295 465 4
295 470 3
295 472 3
295 478 5
295 479 4
295 496 4
295 501 4
295 504 5
295 505 4
295 507 4
295 523 5
295 550 2
295 559 3
295 566 3
295 575 4
295 581 4
295 616 4
295 622 3
295 629 4
295 642 4
295 650 4
295 658 3
295 660 4
295 665 3
295 671 5
295 674 4
295 679 4
295 684 4
295 705 4
295 732 3
295 742 4
295 768 3
295 770 3
295 790 3
295 796 3
295 797 2
295 831 3
295 843 4
295 924 2
295 944 2
296 7 4
296 10 5
296 17 3
296 33 4
296 38 4
296 39 3
296 42 4
296 50 5
296 53 4
296 56 5
296 64 5
296 77 4
296 87 5
296 96 5
296 97 4
296 98 5
296 99 5
296 109 4
296 132 5
296 133 4
296 135 5
296 136 5
296 141 5
296 142 3
296 143 4
296 147 3
296 150 4
296 154 5
296 156 4
296 158 4
296 164 4
296 172 5
296 173 5
296 181 5
296 183 5
296 186 5
296 204 5
296 222 4
296 227 4
296 228 4
296 229 4
296 246 5
296 268 4
296 288 4
296 318 5
296 356 4
296 378 4
296 380 4
296 393 4
296 417 3
296 418 4
296 420 4
296 421 5
296 433 4
296 469 3
296 480 5
296 484 5
296 485 5
296 509 4
296 526 5
296 528 5
296 532 4
296 554 4
296 561 3
296 607 4
296 625 4
296 633 5
296 727 5
296 743 4
296 746 5
296 774 2
296 825 2
296 921 5
297 1 1
297 2 3
297 3 3
297 11 4
297 12 4
297 13 4
297 19 3
297 24 4
297 25 3
297 28 3
297 31 4
297 38 3
297 39 3
297 54 3
297 56 4
297 66 3
297 67 3
297 70 2
297 71 2
297 72 3
297 77 3
297 79 4
297 80 2
297 87 3
297 89 4
297 94 4
297 95 1
297 96 4
297 97 4
297 98 4
297 99 3
297 100 4
297 101 4
297 105 2
297 108 3
297 109 3
297 114 3
297 118 4
297 122 3
297 127 4
297 139 3
297 145 2
297 152 3
297 153 4
297 155 3
297 161 2
297 163 3
297 164 3
297 167 3
297 168 4
297 173 4
297 174 4
297 175 3
297 181 4
297 183 4
297 185 4
297 186 4
297 187 4
297 188 3
297 189 3
297 194 2
297 195 4
297 197 4
297 202 3
297 204 4
297 208 4
297 217 4
297 222 4
297 225 4
297 227 2
297 228 3
297 229 2
297 230 3
297 233 4
297 234 4
297 240 1
297 242 3
297 248 3
297 250 3
297 252 4
297 257 5
297 258 2
297 260 3
297 268 4
297 273 4
297 274 1
297 288 4
297 291 5
297 325 3
297 358 2
297 363 3
297 364 1
297 373 1
297 381 4
297 382 3
297 384 3
297 385 3
297 386 4
297 393 1
297 395 3
297 399 2
297 403 4
297 405 2
297 407 3
297 408 3
297 412 3
297 418 1
297 423 4
297 431 3
297 432 3
297 451 4
297 452 3
297 455 3
297 465 1
297 472 2
297 475 4
297 501 1
297 508 4
297 510 3
297 526 5
297 540 3
297 545 3
297 549 3
297 550 4
297 552 3
297 559 4
297 562 3
297 566 3
297 568 4
297 570 3
297 575 3
297 577 3
297 578 3
297 588 1
297 590 2
297 597 1
297 603 4
297 625 2
297 627 3
297 645 3
297 651 4
297 652 3
297 655 4
297 657 3
297 679 3
297 692 2
297 716 3
297 721 3
297 722 4
297 724 4
297 731 2
297 741 3
297 748 3
297 758 2
297 765 3
297 771 3
297 780 4
297 781 3
297 783 4
297 790 3
297 792 3
297 797 3
297 802 3
297 808 3
297 809 3
297 810 2
297 840 2
297 849 3
297 864 3
297 940 2
297 943 3
297 1000 3
298 10 3
298 11 4
298 12 4
298 23 4
298 32 3
298 50 4
298 53 3
298 54 4
298 56 5
298 59 4
298 61 4
298 79 4
298 83 4
298 89 4
298 98 4
298 121 4
298 124 3
298 127 4
298 136 2
298 137 4
298 144 3
298 150 4
298 151 4
298 156 4
298 160 4
298 164 4
298 168 4
298 171 4
298 172 4
298 175 4
298 176 4
298 182 4
298 183 4
298 186 4
298 187 4
298 191 4
298 192 4
298 197 4
298 202 3
298 203 4
298 204 3
298 210 4
298 218 3
298 222 4
298 228 3
298 229 3
298 258 4
298 262 5
298 271 2
298 275 3
298 288 3
298 293 4
298 302 4
298 340 4
298 381 4
298 425 4
298 435 4
298 443 3
298 447 4
298 448 4
298 449 3
298 464 4
298 474 4
298 475 4
298 483 4
298 484 4
298 486 3
298 489 3
298 512 4
298 515 5
298 522 3
298 525 5
298 548 3
298 554 2
298 558 2
298 594 4
298 607 3
298 628 4
298 631 3
298 649 3
298 652 4
298 656 4
298 664 3
298 675 3
298 693 4
298 754 4
298 772 2
298 806 4
298 887 3
298 919 4
298 922 3
298 933 1
298 985 3
299 7 3
299 8 5
299 11 5
299 12 5
299 50 5
299 69 4
299 87 4
299 97 2
299 117 4
299 132 5
299 153 4
299 157 3
299 176 5
299 177 4
299 181 5
299 182 5
299 183 4
299 191 4
299 193 4
299 194 4
299 198 4
299 202 4
299 207 4
299 210 5
299 213 4
299 215 4
299 238 5
299 251 4
299 271 1
299 272 4
299 275 1
299 295 4
299 300 4
299 301 4
299 312 2
299 313 5
299 318 5
299 326 4
299 357 4
299 414 4
299 425 4
299 427 4
299 463 4
299 474 4
299 482 4
299 483 5
299 484 5
299 486 4
299 497 4
299 511 4
299 514 4
299 516 4
299 520 4
299 521 5
299 530 4
299 539 4
299 605 3
299 651 5
299 657 4
299 661 4
299 663 4
299 690 4
299 692 4
299 742 4
299 750 4
299 879 4
299 886 4
299 887 4
299 902 4
300 1 4
300 3 4
300 8 5
300 9 5
300 15 2
300 25 3
300 28 4
300 30 4
300 39 4
300 42 5
300 43 4
300 44 4
300 45 4
300 50 5
300 56 5
300 58 2
300 59 5
300 61 4
300 62 3
300 69 5
300 70 4
300 72 4
300 77 4
300 83 5
300 88 5
300 89 5
300 94 5
300 97 3
300 98 5
300 100 5
300 116 3
300 118 3
300 120 3
300 125 5
300 129 4
300 133 4
300 135 5
300 143 5
300 147 4
300 159 4
300 164 5
300 172 5
300 175 4
300 179 5
300 181 5
300 196 5
300 204 5
300 208 4
300 210 5
300 211 4
300 216 5
300 217 3
300 223 4
300 234 5
300 235 5
300 238 5
300 244 4
300 245 3
300 246 4
300 250 5
300 252 4
300 255 4
300 257 4
300 268 4
300 274 2
300 275 2
300 276 4
300 281 4
300 282 4
300 283 5
300 284 3
300 285 4
300 287 4
300 294 3
300 298 4
300 300 4
300 301 5
300 304 3
300 316 5
300 319 4
300 325 4
300 381 4
300 386 4
300 387 3
300 393 5
300 396 4
300 405 4
300 407 2
300 412 4
300 421 5
300 448 4
300 464 5
300 469 5
300 471 5
300 472 3
300 475 5
300 476 4
300 479 4
300 498 5
300 509 4
300 514 4
300 517 4
300 522 4
300 529 4
300 531 5
300 535 4
300 553 4
300 559 3
300 568 4
300 569 3
300 584 4
300 611 4
300 619 4
300 639 4
300 640 3
300 660 5
300 662 4
300 665 3
300 699 5
300 709 4
300 714 4
300 721 3
300 729 4
300 735 4
300 739 4
300 742 4
300 762 3
300 768 4
300 775 4
300 780 5
300 781 4
300 815 3
300 821 4
300 827 3
300 836 4
300 845 4
300 930 3
300 964 4
300 971 4
300 988 2
300 996 4
